1000 1344
1 2 7696
1 969 -377
2 3 -1200
2 729 5817
3 4 -1024
4 5 1260
4 955 -1282
5 6 -2134
6 7 1876
7 8 -2146
7 899 -6513
8 9 8467
9 10 9842
10 11 2118
11 12 -294
12 13 -4157
12 339 5730
13 14 5014
13 610 -7140
14 15 9019
14 684 1359
15 16 6075
15 777 9789
16 17 9941
17 18 6279
18 19 -3857
18 846 -5912
19 20 3656
19 83 8453
20 21 9911
20 978 -3370
21 22 274
21 684 -3267
22 23 -676
22 278 -7762
23 24 -8569
23 696 -682
24 25 2733
25 26 -9439
26 27 4569
27 28 2388
28 29 3261
28 955 9354
29 30 5807
30 31 1097
31 32 -1738
32 33 4253
33 34 6622
34 35 -6362
35 36 3726
36 37 197
37 38 8981
38 39 3557
39 40 8226
39 481 -4389
40 41 7060
41 42 -9831
41 987 -7295
42 43 -4698
42 853 1657
43 44 -9689
43 200 9908
44 45 7559
44 543 -7201
45 46 -312
45 686 618
46 47 386
47 48 -7387
48 49 7493
48 14 -8237
49 50 -6666
50 51 -711
50 549 1323
51 52 -8810
52 53 -1032
52 749 -3158
53 54 -3561
53 318 -7216
54 55 5721
55 56 7144
56 57 -1821
57 58 -7521
58 59 7275
59 60 -5502
59 503 8922
60 61 6358
61 62 6328
62 63 5296
62 460 -9148
63 64 4960
64 65 8663
64 264 9
65 66 5590
65 241 5706
66 67 7780
67 68 296
68 69 991
68 722 2872
69 70 -6823
70 71 -6873
70 129 -5288
71 72 -4208
72 73 -8326
73 74 -6298
73 746 -8638
74 75 -7579
74 938 1258
75 76 -8161
75 43 6955
76 77 -973
77 78 -8517
78 79 759
79 80 6965
80 81 -198
80 441 4048
81 82 8491
82 83 5537
83 84 5769
84 85 5300
84 59 -5954
85 86 -3759
85 385 5498
86 87 -3796
87 88 5080
88 89 -7047
89 90 6138
90 91 4067
91 92 -1895
91 475 -1271
92 93 -7778
92 638 6209
93 94 -1529
94 95 6944
95 96 -7675
96 97 9126
97 98 8666
97 410 -3057
98 99 97
98 622 -5030
99 100 -3009
100 101 6079
101 102 -2862
102 103 -9004
103 104 -4942
103 852 9008
104 105 -2447
104 145 2251
105 106 1955
105 512 -7258
106 107 3312
107 108 5263
107 912 -2819
108 109 -8961
108 510 -4436
109 110 -6602
110 111 5555
111 112 -4625
111 687 7231
112 113 3972
113 114 1170
114 115 644
114 145 7325
115 116 -9525
116 117 2379
117 118 -9042
118 119 9841
119 120 1055
119 123 676
120 121 821
121 122 -8673
121 892 -429
122 123 3677
122 32 -7139
123 124 3845
123 275 -1634
124 125 -9720
125 126 4120
126 127 -3257
127 128 -617
127 483 -6716
128 129 7786
129 130 7647
129 919 6774
130 131 5697
130 194 -9361
131 132 1116
132 133 -6533
132 267 -6815
133 134 -6646
134 135 4384
134 948 3602
135 136 -5147
136 137 8160
137 138 6179
138 139 3166
138 445 -8111
139 140 3832
140 141 -680
141 142 3053
142 143 -6019
143 144 -8422
144 145 -1111
145 146 9129
146 147 -1661
146 914 -4584
147 148 -9741
148 149 6056
148 91 6774
149 150 -1490
150 151 -4777
150 780 6381
151 152 -9696
152 153 -898
152 932 -7596
153 154 -8437
154 155 -9475
155 156 -7887
156 157 7494
157 158 -807
158 159 5408
159 160 -2866
160 161 220
161 162 5810
161 711 -1270
162 163 -3510
163 164 -9793
164 165 4059
165 166 -9777
166 167 4648
167 168 -7635
167 192 -7370
168 169 2094
169 170 4669
170 171 -7657
171 172 8165
172 173 3150
173 174 9915
173 280 392
174 175 5029
175 176 3375
175 926 5303
176 177 -6482
176 505 6202
177 178 -5834
177 75 7040
178 179 -2701
178 584 4720
179 180 8538
180 181 -4361
181 182 2652
182 183 -1652
183 184 -5587
184 185 7602
184 164 7323
185 186 495
186 187 354
187 188 -9798
188 189 6191
189 190 -2191
190 191 7232
191 192 -2791
192 193 -9225
193 194 9416
193 793 -7411
194 195 -3543
195 196 -4383
196 197 -3793
197 198 5529
198 199 4442
199 200 -1490
199 139 245
200 201 -1704
200 31 2900
201 202 4408
202 203 -4053
203 204 -3991
203 47 1171
204 205 -3547
204 37 9240
205 206 -1835
205 124 -9214
206 207 -328
206 704 3956
207 208 -9700
207 40 2854
208 209 5933
208 722 -6882
209 210 -5887
210 211 7749
210 395 1954
211 212 9469
212 213 -4731
212 317 -933
213 214 -6746
214 215 -3716
215 216 8825
215 151 -9925
216 217 3232
216 384 -6742
217 218 -7988
218 219 9084
219 220 -2205
219 331 5818
220 221 8402
221 222 -3226
222 223 864
223 224 484
224 225 1138
224 738 -4736
225 226 5099
226 227 1836
226 342 6514
227 228 208
228 229 -3867
229 230 2620
230 231 6940
231 232 -7027
231 18 4234
232 233 3406
232 368 -4946
233 234 -5693
233 724 -2342
234 235 -1894
235 236 -4527
235 304 6383
236 237 -3573
236 778 -8146
237 238 3689
237 869 -6408
238 239 -2905
239 240 2188
239 987 8420
240 241 -4510
241 242 -9767
242 243 -3318
242 832 -510
243 244 -6395
244 245 1737
244 985 2971
245 246 406
246 247 2685
247 248 8983
248 249 -103
248 193 -478
249 250 -7192
250 251 -8912
251 252 -4023
252 253 6159
253 254 -7234
253 895 680
254 255 -6089
255 256 7342
255 865 -721
256 257 -3482
256 236 6881
257 258 1384
258 259 6470
258 86 8274
259 260 8675
260 261 67
260 106 -1887
261 262 1652
261 550 3108
262 263 -6741
263 264 9076
264 265 -6905
265 266 -1566
266 267 6512
267 268 -3678
267 868 3286
268 269 -5446
269 270 9909
269 327 5752
270 271 2102
270 681 -6151
271 272 5331
272 273 -1049
273 274 -6424
274 275 -2395
275 276 -5445
276 277 -4462
277 278 7660
278 279 4621
279 280 -5624
280 281 127
281 282 3033
281 861 -9089
282 283 4269
283 284 -4711
283 223 -4959
284 285 -1728
285 286 -3161
286 287 5674
287 288 -5411
287 180 3331
288 289 -5382
289 290 -2700
290 291 -5223
291 292 -2657
291 835 8660
292 293 -4708
293 294 -9596
294 295 1933
295 296 -5062
296 297 -9277
296 753 -696
297 298 -2858
297 489 -1836
298 299 -7351
299 300 4664
300 301 -227
300 774 -1684
301 302 4454
301 1000 -2051
302 303 -533
303 304 2792
303 226 1407
304 305 7081
305 306 -8248
305 69 1590
306 307 -7608
306 587 8538
307 308 -2329
307 105 -2647
308 309 6737
309 310 -3369
310 311 -5319
311 312 -2196
312 313 411
313 314 -7860
313 868 -3401
314 315 1397
315 316 8573
316 317 9262
316 430 -4753
317 318 3754
317 558 4121
318 319 -4977
319 320 6837
320 321 -4556
320 849 8175
321 322 1217
321 157 -2049
322 323 6186
322 448 -7510
323 324 -9033
324 325 -7844
325 326 -9296
326 327 -9200
327 328 -2987
328 329 853
329 330 2323
329 310 -9347
330 331 7035
331 332 9744
331 381 1903
332 333 4586
333 334 7603
334 335 -2019
334 778 -3834
335 336 631
336 337 -5890
337 338 4648
338 339 -1368
339 340 -5988
339 728 -7892
340 341 -6958
341 342 -3972
341 3 6036
342 343 -5532
342 63 -178
343 344 3959
344 345 -6119
345 346 -7450
346 347 3574
346 338 6664
347 348 3360
347 91 6423
348 349 -8519
349 350 -3997
350 351 -3107
351 352 -6336
352 353 4330
353 354 7143
354 355 -2313
355 356 7699
356 357 2511
357 358 5395
358 359 -3938
358 90 2972
359 360 -4806
360 361 6279
360 112 -2561
361 362 2763
362 363 583
363 364 3915
364 365 -1403
365 366 -9852
366 367 -8409
366 156 -9884
367 368 762
368 369 -6569
369 370 -6512
370 371 -3856
370 860 -9417
371 372 -5718
372 373 2730
373 374 -4419
374 375 -1606
375 376 -8250
376 377 -1331
377 378 532
377 861 -3426
378 379 250
379 380 5094
380 381 -5961
380 308 3235
381 382 2791
382 383 -1776
383 384 7127
384 385 -1240
384 478 -3929
385 386 1969
385 301 6648
386 387 8600
386 932 354
387 388 -4936
387 524 7781
388 389 -4495
388 495 -6306
389 390 5440
390 391 6133
391 392 -9566
392 393 -873
393 394 -5414
394 395 -6228
395 396 7264
396 397 -6417
397 398 8256
398 399 803
398 560 1329
399 400 3759
399 756 -3839
400 401 8346
401 402 -890
402 403 3570
402 901 2873
403 404 -9579
404 405 7940
405 406 7657
405 931 -6381
406 407 -484
406 448 4134
407 408 4495
408 409 -9348
408 965 9530
409 410 -4506
410 411 9258
411 412 -2405
412 413 6258
413 414 6894
414 415 5243
415 416 2585
415 177 -5494
416 417 6926
416 37 -4142
417 418 9584
418 419 4147
418 87 -7833
419 420 7613
420 421 8382
421 422 6061
422 423 8259
423 424 -2016
424 425 -3190
424 320 -2103
425 426 -873
426 427 -9181
426 210 3392
427 428 9431
427 952 -2474
428 429 -3064
429 430 6797
429 997 -8107
430 431 -7778
430 375 -2298
431 432 4114
432 433 7089
433 434 -5941
434 435 -1688
435 436 2298
436 437 1909
437 438 3441
437 326 329
438 439 7152
438 614 -8788
439 440 -2636
440 441 -7293
441 442 -522
442 443 574
442 624 -9588
443 444 -762
444 445 -7178
445 446 -673
446 447 103
446 750 8991
447 448 6830
448 449 1867
449 450 9785
450 451 6734
450 372 3875
451 452 -3965
452 453 -9404
453 454 -1302
454 455 -5921
455 456 -8710
456 457 -1330
457 458 -5995
458 459 1280
459 460 -2572
460 461 -4891
461 462 -4240
461 681 -8384
462 463 2949
462 182 -7044
463 464 8860
464 465 8231
465 466 550
466 467 -8844
467 468 -5960
467 131 -3551
468 469 1037
469 470 3432
469 194 2134
470 471 -1445
470 839 8461
471 472 3428
471 737 -7074
472 473 5787
473 474 -9436
474 475 2112
475 476 -475
476 477 -6331
477 478 7437
478 479 4613
479 480 -4065
479 998 -1938
480 481 -3137
481 482 -4567
482 483 -1302
482 446 3232
483 484 -7246
483 100 8248
484 485 730
485 486 -8604
486 487 -3955
487 488 4050
487 341 -3803
488 489 7668
489 490 -7989
489 687 5591
490 491 -9450
490 922 360
491 492 3349
491 314 4027
492 493 4321
493 494 2110
494 495 -9190
494 283 894
495 496 -2480
496 497 4503
497 498 4869
498 499 3431
498 12 5685
499 500 -6846
500 501 -585
500 622 -5016
501 502 -5335
502 503 -8443
503 504 -6442
503 839 -9510
504 505 -6743
505 506 -8670
505 260 7075
506 507 -2047
507 508 -9969
508 509 -7699
509 510 -4722
510 511 -8116
511 512 6429
511 540 9563
512 513 7636
512 601 290
513 514 8385
513 132 8683
514 515 8174
514 368 -2202
515 516 -9486
516 517 -34
517 518 9968
518 519 -2710
519 520 -9281
520 521 7229
521 522 -7469
522 523 1192
523 524 -681
524 525 -6452
525 526 6899
526 527 -4340
527 528 6394
528 529 6257
529 530 8040
530 531 -2081
531 532 4254
532 533 8075
533 534 -7393
534 535 -5939
535 536 3713
536 537 -4356
536 792 2565
537 538 -4463
537 387 3461
538 539 3194
538 986 1830
539 540 -7512
539 928 895
540 541 2548
540 925 2406
541 542 -9535
541 868 -5377
542 543 -3413
543 544 -5040
544 545 2390
545 546 -9091
545 490 -2345
546 547 6736
547 548 -3582
548 549 -6708
548 55 -7537
549 550 -1171
550 551 -5750
551 552 -5027
551 619 9093
552 553 -8533
553 554 6629
553 9 -8708
554 555 -7966
554 299 -1659
555 556 6602
556 557 7590
557 558 -4432
558 559 -3813
558 772 2748
559 560 -1984
560 561 -1711
560 875 -8862
561 562 5460
562 563 88
562 782 -6200
563 564 -8596
563 571 -5099
564 565 9477
565 566 -3039
565 278 953
566 567 -6069
567 568 4643
568 569 -7080
569 570 4384
570 571 4214
571 572 6865
571 751 9324
572 573 4806
572 939 3907
573 574 -3145
574 575 7459
574 264 -8123
575 576 -1459
576 577 9166
577 578 -2117
578 579 2158
578 502 -5568
579 580 -2042
580 581 4159
581 582 -7099
581 282 1074
582 583 9574
583 584 5118
584 585 -497
585 586 98
586 587 4812
587 588 6701
588 589 5716
589 590 -2526
589 370 5759
590 591 -7948
590 973 871
591 592 8367
592 593 -9754
592 900 -5100
593 594 -1369
593 983 -8867
594 595 -7316
595 596 -6198
596 597 -155
596 237 -2192
597 598 4254
597 742 -2067
598 599 -6844
599 600 -490
600 601 -9078
601 602 6383
601 733 1413
602 603 -6276
602 597 1560
603 604 -8463
604 605 -1651
605 606 -7507
606 607 3737
607 608 8671
608 609 -3064
609 610 1285
609 489 7137
610 611 1831
611 612 -2526
612 613 8772
613 614 -9652
614 615 -7695
615 616 -261
615 116 331
616 617 -2612
617 618 9994
618 619 7931
619 620 6450
619 14 9839
620 621 -6101
620 7 6318
621 622 -1406
622 623 -1819
623 624 7489
624 625 4175
624 70 7987
625 626 8125
626 627 -4643
626 115 -1275
627 628 9166
627 927 -9384
628 629 9008
629 630 4828
630 631 -237
631 632 -6150
632 633 -4553
632 703 -6781
633 634 9934
634 635 2208
635 636 -3842
635 537 -4974
636 637 -7611
637 638 9257
637 980 -8840
638 639 -3309
638 8 -4811
639 640 1510
640 641 -4838
640 8 6138
641 642 7222
641 397 5934
642 643 3942
643 644 1444
644 645 3597
644 878 6444
645 646 8490
646 647 680
647 648 7854
648 649 8804
648 315 9452
649 650 -3696
650 651 245
651 652 -6342
651 83 6961
652 653 -6880
653 654 -1233
654 655 -4145
654 65 -7614
655 656 9188
656 657 -1712
657 658 5399
658 659 -1500
659 660 -8519
659 408 -3765
660 661 -9858
661 662 -8437
662 663 7680
663 664 -8903
664 665 7006
664 718 -6643
665 666 8979
666 667 -1758
667 668 -1351
668 669 608
668 190 3454
669 670 -9187
670 671 -7541
670 644 -346
671 672 764
671 624 1382
672 673 -5915
673 674 5108
674 675 -9482
675 676 -9595
675 767 -6506
676 677 768
676 747 -446
677 678 7391
678 679 1294
679 680 2037
679 776 8115
680 681 7089
681 682 -8930
682 683 6947
683 684 3022
684 685 -2340
684 318 -9963
685 686 8108
686 687 9137
687 688 -4892
688 689 3904
689 690 -1412
690 691 4834
690 629 4876
691 692 -2515
692 693 -4188
693 694 -8296
693 311 -7660
694 695 -4142
695 696 -8247
696 697 -9627
697 698 2953
697 638 8988
698 699 798
699 700 1904
699 155 104
700 701 7901
701 702 8603
702 703 2118
702 697 5836
703 704 8535
703 775 2327
704 705 5367
704 902 4917
705 706 7859
706 707 8664
707 708 -4919
708 709 3936
708 374 -7676
709 710 -9405
710 711 -2848
711 712 -6979
711 312 4025
712 713 1575
713 714 -3820
714 715 5511
714 726 5488
715 716 4147
716 717 -8169
716 401 9739
717 718 1672
718 719 9258
718 116 -8220
719 720 3617
720 721 -4505
720 436 -5407
721 722 6440
722 723 -2606
723 724 1039
723 50 6036
724 725 3392
725 726 -5186
726 727 1057
727 728 6338
728 729 -90
728 356 2048
729 730 6983
729 455 958
730 731 961
731 732 6701
732 733 -3293
733 734 1148
734 735 -5693
734 109 -3274
735 736 5450
735 407 8090
736 737 4662
736 576 8859
737 738 -7908
737 485 -1881
738 739 -9087
738 478 6569
739 740 2984
739 881 7858
740 741 -6566
741 742 9880
742 743 -7773
742 53 -2202
743 744 -5536
743 389 8889
744 745 -2444
744 370 9970
745 746 -2197
746 747 -4688
747 748 6532
748 749 7641
748 904 8928
749 750 -8012
750 751 3432
751 752 -3092
751 918 -5035
752 753 5764
752 629 -6620
753 754 -6040
753 404 9343
754 755 7504
755 756 86
755 523 -616
756 757 5898
757 758 5548
758 759 -6132
759 760 990
760 761 -7437
761 762 -8403
761 605 -449
762 763 -8925
762 416 5788
763 764 -2251
764 765 7478
765 766 -7455
765 63 7263
766 767 -7334
766 640 -4843
767 768 8309
767 16 156
768 769 9320
769 770 -4448
770 771 7562
771 772 -3185
772 773 5495
772 588 1527
773 774 4325
774 775 -7419
775 776 -1690
776 777 -302
777 778 1381
777 90 605
778 779 -675
778 896 -8956
779 780 7552
780 781 -8923
781 782 -2288
782 783 -7352
783 784 -5107
784 785 -3206
785 786 5207
785 921 2073
786 787 8366
787 788 2753
788 789 -7294
789 790 -1672
790 791 -6530
791 792 1464
791 618 -9977
792 793 -8368
793 794 328
793 127 1285
794 795 -3991
795 796 -8394
795 408 -3779
796 797 9078
797 798 -2474
797 365 -7458
798 799 -638
799 800 1385
800 801 1082
801 802 -7778
802 803 -5520
803 804 -9648
804 805 1040
804 81 -9521
805 806 -9339
806 807 -1022
807 808 -5314
808 809 4961
809 810 255
810 811 6049
811 812 -8532
812 813 5872
813 814 -5733
813 628 7748
814 815 5035
815 816 -1387
815 807 -7367
816 817 -2992
817 818 6261
818 819 664
818 202 1722
819 820 4137
820 821 -9591
821 822 3358
821 235 -8123
822 823 -7473
823 824 322
823 699 -1013
824 825 -2187
825 826 -4083
826 827 5881
827 828 3223
828 829 -6311
829 830 2041
829 611 1984
830 831 7968
831 832 -1968
832 833 -2328
833 834 8512
833 292 -8081
834 835 5577
835 836 742
836 837 -7843
837 838 8735
837 96 -6083
838 839 -775
839 840 -8193
840 841 -9611
841 842 -9476
841 820 5747
842 843 -4429
843 844 6696
843 651 8134
844 845 5411
845 846 2756
845 616 -7241
846 847 -2813
847 848 115
848 849 -5944
848 659 1555
849 850 -4722
850 851 -1483
851 852 5237
852 853 -299
852 628 4992
853 854 9812
853 678 -4971
854 855 -1240
855 856 5285
856 857 -9905
856 846 5534
857 858 5962
857 233 4644
858 859 -9017
859 860 6443
859 872 -3081
860 861 5755
861 862 -9439
862 863 7315
863 864 -142
864 865 4098
865 866 -3023
865 158 231
866 867 -1121
867 868 -8028
868 869 -5002
869 870 -9661
870 871 5791
870 947 7047
871 872 4589
872 873 6162
873 874 1006
874 875 -798
874 617 1405
875 876 -4205
875 890 -3099
876 877 6215
877 878 -7938
878 879 -1439
879 880 9279
879 114 -7855
880 881 3538
881 882 3835
882 883 -1899
883 884 4851
883 310 4545
884 885 -8915
885 886 6439
886 887 -9069
886 374 -4913
887 888 9758
888 889 -3782
889 890 -2715
890 891 9344
891 892 1337
892 893 3122
892 543 292
893 894 5532
894 895 -7347
895 896 7391
896 897 -8784
897 898 6066
897 621 -4483
898 899 8124
899 900 -1444
900 901 5559
901 902 -4700
902 903 2365
903 904 -3421
904 905 7896
905 906 -195
906 907 9962
907 908 5360
908 909 2978
909 910 -2037
910 911 -4071
911 912 -2682
912 913 -5507
913 914 4661
914 915 -9305
915 916 1726
915 818 -1539
916 917 4220
916 808 -5427
917 918 -2401
918 919 743
919 920 7591
919 264 -3922
920 921 -5117
920 447 5757
921 922 -5583
922 923 9324
923 924 9372
924 925 4955
925 926 2222
926 927 8173
926 873 1643
927 928 -8747
927 925 9808
928 929 9261
929 930 1004
930 931 7207
930 131 1866
931 932 5004
931 334 -6906
932 933 4895
933 934 -86
933 400 -738
934 935 -1597
935 936 5646
936 937 -701
936 160 2433
937 938 -6126
938 939 -1664
939 940 1379
939 768 7593
940 941 -4375
941 942 5257
942 943 884
943 944 -1518
943 666 3414
944 945 -1328
945 946 3598
945 831 -1988
946 947 -7208
946 54 7079
947 948 4780
948 949 -8216
948 372 -9881
949 950 1614
949 565 -8493
950 951 2731
951 952 5215
952 953 6545
952 688 -3569
953 954 234
954 955 2528
955 956 -72
955 106 -5079
956 957 8231
957 958 1679
958 959 5207
958 78 653
959 960 5431
959 975 -1443
960 961 -5627
961 962 4144
961 628 692
962 963 -1914
963 964 6416
964 965 1811
965 966 -7103
965 751 8895
966 967 5397
966 843 7344
967 968 967
968 969 1049
969 970 -6693
970 971 -4992
971 972 -1161
972 973 -6431
973 974 -4371
974 975 -9832
974 652 9510
975 976 1641
976 977 -2462
976 839 9991
977 978 5811
977 504 -7096
978 979 855
979 980 4012
980 981 4171
981 982 -3388
982 983 -1507
982 503 73
983 984 8629
984 985 2753
984 290 3572
985 986 -6754
985 448 -6443
986 987 4557
986 664 761
987 988 7540
987 557 1333
988 989 -9579
989 990 4635
989 717 1375
990 991 -2109
991 992 7176
991 688 5387
992 993 -5321
993 994 -6848
993 163 -6602
994 995 -5532
994 80 9430
995 996 6162
995 480 8423
996 997 9539
997 998 -5808
997 485 -1338
998 999 6773
999 1000 7321
