4000 5368
1 2 -1938
2 3 -7162
3 4 -2672
4 5 -2071
5 6 7790
6 7 -1109
7 8 -993
8 9 9777
8 1359 7092
9 10 6625
10 11 3204
11 12 -8646
12 13 6867
12 2455 -7469
13 14 4920
14 15 1179
14 288 3275
15 16 9131
16 17 -1232
16 675 2847
17 18 -1003
18 19 2975
19 20 167
19 1035 4086
20 21 7263
20 918 -3396
21 22 -1864
21 3493 7306
22 23 7367
23 24 -3566
24 25 5841
25 26 -8837
26 27 -7750
27 28 9159
28 29 8831
29 30 -89
30 31 6965
31 32 6415
32 33 -3996
32 3997 -9940
33 34 1046
34 35 -8830
35 36 -953
35 2649 3943
36 37 -5465
37 38 6814
38 39 -519
39 40 -2023
40 41 -8084
40 2041 5170
41 42 -9263
42 43 -3934
43 44 -134
44 45 199
44 3244 9792
45 46 2752
45 2712 5902
46 47 -1648
47 48 -1571
48 49 -5086
48 2064 7542
49 50 1004
49 2929 783
50 51 -2681
51 52 7678
51 714 -802
52 53 7439
52 2454 -1049
53 54 3052
53 2882 -4385
54 55 2966
55 56 -2128
56 57 1813
56 3555 4891
57 58 -3701
58 59 -4538
58 541 2708
59 60 505
59 3927 -462
60 61 -6203
61 62 8375
62 63 -3510
62 3371 9212
63 64 1806
64 65 1322
65 66 8216
66 67 -8436
67 68 -7466
68 69 9503
68 657 -1723
69 70 -9745
69 846 -8590
70 71 -9217
70 3230 -378
71 72 -8211
72 73 -5695
72 1786 -2783
73 74 2819
74 75 4732
74 1253 567
75 76 5693
76 77 486
76 2867 -9893
77 78 -9980
78 79 -6928
78 2987 -5497
79 80 -3340
80 81 4686
80 2172 457
81 82 687
82 83 -9963
83 84 9061
84 85 -4837
85 86 -6720
86 87 -6650
86 3041 -2143
87 88 -583
88 89 -1726
89 90 4470
89 1319 249
90 91 -1744
91 92 2308
92 93 -2644
93 94 -2864
93 2660 5290
94 95 -5785
95 96 -274
96 97 -270
97 98 -1193
98 99 5165
98 2459 -7454
99 100 -681
99 2192 -6438
100 101 1381
101 102 8605
101 3880 -1600
102 103 374
103 104 4534
104 105 -2215
105 106 7351
105 199 4695
106 107 -6803
107 108 -2964
108 109 -3265
109 110 -4281
109 481 3599
110 111 5834
110 3260 4657
111 112 -4340
112 113 -86
113 114 1097
114 115 -728
115 116 257
115 2742 -2252
116 117 409
117 118 4551
118 119 8169
119 120 2897
120 121 1390
121 122 -1691
121 2171 8357
122 123 8830
123 124 -7180
124 125 -5535
124 3041 -1542
125 126 -7610
126 127 3839
127 128 7300
128 129 -6713
128 3452 -5409
129 130 2225
129 3457 -8656
130 131 2489
131 132 -3961
132 133 7333
133 134 -4502
134 135 9442
135 136 -2592
135 970 9641
136 137 -7556
137 138 6460
138 139 -2741
139 140 6174
140 141 784
141 142 9074
142 143 -1147
142 1252 -2432
143 144 4509
144 145 -1253
145 146 -9916
146 147 9589
146 210 4132
147 148 -1486
148 149 -2861
149 150 8063
150 151 1119
151 152 6659
151 3819 -3033
152 153 -9791
152 399 9734
153 154 8897
153 838 -3762
154 155 -8323
155 156 618
155 3054 -2638
156 157 -1135
157 158 -9265
158 159 7633
158 2418 -7827
159 160 -9291
160 161 9500
161 162 -7875
161 2510 -3144
162 163 -1034
162 78 2119
163 164 729
164 165 5793
165 166 3110
166 167 -5004
167 168 8424
168 169 6136
169 170 2524
169 1578 2347
170 171 -6970
170 3234 2349
171 172 2940
172 173 -7249
172 1083 -2058
173 174 4302
174 175 -4312
174 529 3158
175 176 -7700
176 177 -7128
177 178 -7403
178 179 -1276
179 180 1866
180 181 -7696
180 2802 7385
181 182 6739
182 183 -2048
183 184 8400
184 185 -847
184 3156 -2204
185 186 -645
186 187 -332
187 188 -5560
188 189 1913
189 190 -36
189 2019 2280
190 191 -4819
191 192 -7082
192 193 -8669
192 2715 9642
193 194 5926
194 195 7155
195 196 3320
195 3843 -6475
196 197 -5049
197 198 4733
198 199 -8340
198 2357 -4590
199 200 9173
200 201 -3051
201 202 1208
202 203 -2310
202 134 -8682
203 204 -3646
204 205 -6457
205 206 -7572
206 207 18
207 208 -1852
207 1631 -4729
208 209 2556
209 210 -278
210 211 -1407
211 212 -6698
212 213 -1895
212 2411 -6287
213 214 2005
213 3843 6214
214 215 -548
215 216 9144
216 217 -3603
216 3277 402
217 218 -9107
217 3896 8879
218 219 -8234
218 3575 5073
219 220 -8471
220 221 -2762
220 3744 1056
221 222 -9550
222 223 7780
223 224 1760
224 225 -5804
225 226 2040
225 3 -2043
226 227 5543
226 774 -519
227 228 -7012
228 229 -244
228 2456 -2661
229 230 143
230 231 -9245
231 232 9544
231 1366 -5892
232 233 -6612
233 234 -7014
234 235 -8657
234 3843 6778
235 236 6782
236 237 -6733
237 238 -3644
237 778 9828
238 239 9771
238 12 -872
239 240 -4090
240 241 3492
240 219 -5019
241 242 -5327
241 3909 7322
242 243 -1873
243 244 1065
243 2102 6999
244 245 4257
244 36 -870
245 246 2718
246 247 -8000
247 248 -6456
248 249 3150
249 250 -5279
249 873 6017
250 251 -4035
251 252 1827
252 253 2913
252 3741 469
253 254 419
253 819 9237
254 255 204
254 3042 -807
255 256 -3755
256 257 -5499
257 258 66
258 259 41
259 260 -3306
259 1647 -5220
260 261 3747
260 1085 8671
261 262 4988
262 263 -9085
263 264 7997
264 265 3434
265 266 -3117
266 267 2087
267 268 2856
268 269 8174
268 937 -3234
269 270 6345
270 271 -878
270 275 4328
271 272 2994
272 273 456
273 274 3089
273 1295 -1263
274 275 2702
275 276 6999
276 277 1089
276 3504 405
277 278 2593
277 3676 2367
278 279 -6828
278 1405 -2538
279 280 2967
280 281 -6518
280 1011 -9002
281 282 6848
281 1127 -6815
282 283 805
282 2183 4253
283 284 -5996
284 285 -8054
285 286 -4202
286 287 -3874
287 288 -6165
288 289 1810
289 290 -4180
290 291 -9417
291 292 -3071
292 293 6724
293 294 -84
294 295 3436
294 1151 874
295 296 6520
296 297 -5841
297 298 5154
298 299 6926
298 2476 2840
299 300 8410
300 301 6807
301 302 -6862
302 303 -1722
302 740 -8496
303 304 -1162
303 3753 -8303
304 305 -7924
305 306 8182
306 307 -3202
307 308 -6331
308 309 2317
309 310 -4579
310 311 736
311 312 3830
312 313 -7266
313 314 9202
314 315 9347
314 146 8166
315 316 7197
316 317 -3852
317 318 4811
317 3225 -8921
318 319 5274
318 1152 -9307
319 320 621
320 321 9348
321 322 8546
321 831 8568
322 323 3398
323 324 8964
324 325 211
325 326 7875
326 327 9263
326 3725 5715
327 328 1230
327 1809 -4357
328 329 883
328 3032 -3418
329 330 -1629
330 331 -3185
330 1224 -110
331 332 -594
331 2274 -7118
332 333 7005
332 1817 -769
333 334 -1497
333 2151 -3551
334 335 8247
334 2422 -4421
335 336 4058
335 2216 -1159
336 337 -8305
337 338 -7232
338 339 -5189
339 340 7200
340 341 969
341 342 7975
342 343 -5738
342 3231 -6510
343 344 -3314
343 1784 -3389
344 345 3555
345 346 -7771
345 1357 3903
346 347 9896
346 1035 2886
347 348 7408
348 349 -556
348 1811 -4503
349 350 -5911
349 3740 9000
350 351 -8702
350 827 -764
351 352 5009
352 353 -3740
353 354 7408
354 355 -8862
355 356 9911
355 3901 -4869
356 357 -5275
357 358 7712
358 359 -6082
359 360 -3327
360 361 3268
361 362 4677
362 363 -8821
362 855 471
363 364 3777
363 1541 -9139
364 365 -2601
364 3425 -3280
365 366 7885
366 367 8680
367 368 7124
368 369 -9729
368 3719 2247
369 370 -9261
370 371 4893
370 3745 550
371 372 -1965
372 373 131
372 3682 354
373 374 5457
374 375 -637
375 376 -4804
376 377 -336
377 378 -7836
378 379 -8535
378 1370 2049
379 380 8932
380 381 -6189
381 382 -826
382 383 -2053
383 384 -839
384 385 6677
385 386 3475
385 1410 -7699
386 387 9734
387 388 6930
388 389 -3257
388 3297 4424
389 390 3999
390 391 4281
390 3318 -7623
391 392 7296
391 3017 -2670
392 393 -5645
393 394 -3480
394 395 9492
395 396 -3132
395 3275 -4235
396 397 5120
397 398 5672
398 399 8854
398 3122 -6634
399 400 -4120
399 1412 -6184
400 401 -7099
400 2689 5811
401 402 7598
402 403 -3007
403 404 -7237
403 438 -8751
404 405 7472
405 406 -6544
405 785 -3323
406 407 4193
406 972 -8612
407 408 9989
408 409 4228
408 1639 6884
409 410 3482
410 411 4436
410 973 -9218
411 412 -7341
411 838 -6629
412 413 1991
412 3730 9070
413 414 4153
414 415 6933
415 416 -5292
415 349 -3560
416 417 2912
417 418 2881
418 419 -9872
419 420 6365
420 421 -4773
421 422 -2304
421 3574 -6942
422 423 -2377
422 3507 -2439
423 424 952
424 425 5543
425 426 9416
426 427 -3260
427 428 -8408
428 429 6374
429 430 1421
430 431 3393
431 432 7280
431 1674 2465
432 433 9474
433 434 9620
434 435 -2325
434 255 -3957
435 436 -6364
436 437 9911
437 438 -4473
438 439 -5975
438 85 -7621
439 440 3783
439 1163 2244
440 441 5480
441 442 1826
442 443 3477
443 444 5990
444 445 -1634
445 446 -4627
445 1154 2606
446 447 7502
447 448 9812
447 1617 53
448 449 -2145
449 450 -4022
449 2792 2609
450 451 5559
451 452 -9359
452 453 6619
452 2874 6639
453 454 6055
454 455 2057
455 456 -6226
455 1796 -5054
456 457 7643
457 458 -1444
458 459 -4103
459 460 9302
460 461 8241
461 462 -3439
461 1968 -2440
462 463 6723
463 464 -9499
463 884 2618
464 465 4839
465 466 -6437
466 467 -7589
467 468 -5920
467 1013 -2033
468 469 7750
468 1664 -2223
469 470 9096
470 471 -8910
471 472 4739
472 473 3118
473 474 5052
473 2854 1374
474 475 6807
475 476 2185
476 477 -6366
476 2966 -8552
477 478 1905
477 922 2474
478 479 -2350
479 480 -5258
480 481 8215
481 482 -5012
482 483 -8630
482 700 -7822
483 484 5544
483 956 6295
484 485 860
485 486 -3700
486 487 9542
487 488 4218
488 489 -6620
488 3849 -6122
489 490 -3689
490 491 6143
491 492 1710
492 493 1975
492 3623 5751
493 494 829
494 495 3352
495 496 -8502
496 497 -532
497 498 1752
497 2804 -5066
498 499 8970
499 500 2449
499 2365 7937
500 501 -5191
501 502 -2482
502 503 -2410
502 966 7047
503 504 -8330
504 505 -8204
505 506 170
506 507 989
507 508 6343
508 509 -753
509 510 -6377
510 511 5533
511 512 628
511 681 2721
512 513 1739
513 514 -2811
513 2956 8434
514 515 9312
514 1616 -2605
515 516 8707
516 517 -5588
517 518 8942
517 2312 -7601
518 519 -9992
518 1867 -9718
519 520 3309
519 3481 4298
520 521 -6520
521 522 3456
522 523 8
523 524 -1961
524 525 -7834
525 526 -5854
526 527 -8527
527 528 -1613
527 2536 5557
528 529 1554
528 1153 -2199
529 530 -5401
530 531 269
530 2198 3369
531 532 -1961
532 533 4055
532 1294 961
533 534 1009
534 535 4971
535 536 -5439
536 537 -375
537 538 -3569
538 539 -7020
539 540 6663
540 541 -294
541 542 3271
542 543 -5271
542 3098 -1520
543 544 -2148
544 545 1277
545 546 -7442
546 547 -9999
547 548 -4632
548 549 2507
549 550 649
549 2447 2435
550 551 237
551 552 5727
552 553 -3691
553 554 4943
553 640 -147
554 555 -1247
554 42 -554
555 556 8117
556 557 5826
557 558 8612
558 559 -6028
559 560 -3384
560 561 -8316
561 562 -4373
561 1412 -9737
562 563 -8322
563 564 -228
563 1492 -4313
564 565 -1290
565 566 -1884
566 567 2843
566 1351 -2422
567 568 -5141
568 569 6027
569 570 -1597
570 571 3947
571 572 981
572 573 2123
572 446 -7499
573 574 970
574 575 6797
575 576 5177
576 577 -4535
576 183 11
577 578 -8373
578 579 -7498
579 580 -9718
579 1189 3101
580 581 592
581 582 351
582 583 7118
582 3002 7150
583 584 -7259
584 585 193
584 3651 -9954
585 586 -9625
586 587 -2835
587 588 6354
587 68 -7573
588 589 -7661
589 590 5951
589 2449 8700
590 591 -3814
591 592 935
591 647 9124
592 593 -9722
592 700 6073
593 594 1650
594 595 -1414
595 596 8208
596 597 3050
597 598 -5291
597 674 -362
598 599 -7707
599 600 7012
600 601 1602
600 3705 520
601 602 1566
602 603 -1639
603 604 8696
604 605 -2031
605 606 6880
606 607 -5262
606 83 -9917
607 608 1416
608 609 -2828
609 610 2638
610 611 -6657
611 612 8664
612 613 -556
612 207 2957
613 614 -6194
614 615 -6997
615 616 -5985
616 617 5015
617 618 1914
617 2814 5718
618 619 7689
618 3814 -9007
619 620 -7055
620 621 -5437
621 622 -2962
622 623 636
622 2734 1164
623 624 -6287
624 625 -4705
624 427 7353
625 626 7755
626 627 -6945
626 2174 -9320
627 628 5115
628 629 944
629 630 -3356
630 631 -5181
630 604 -3454
631 632 3463
632 633 -7111
633 634 4776
634 635 -1768
634 3527 -3343
635 636 -9553
636 637 7896
637 638 1556
637 3133 8393
638 639 6022
638 624 -8834
639 640 4234
640 641 -4653
641 642 6218
642 643 -4619
643 644 5806
644 645 -3857
644 3335 8437
645 646 1986
646 647 6604
647 648 -2173
648 649 -1039
648 1565 -3176
649 650 5688
650 651 -93
650 3556 4713
651 652 4973
651 3189 2745
652 653 -9663
652 3988 -2262
653 654 -874
654 655 -4377
655 656 9386
656 657 7776
656 1307 8194
657 658 -7171
657 3451 -1479
658 659 -7516
659 660 4515
659 2324 1952
660 661 6450
660 2220 -4522
661 662 -6633
661 3492 -5018
662 663 -3931
662 349 -6626
663 664 5518
664 665 -1534
664 3279 -4616
665 666 6317
666 667 -703
666 600 281
667 668 2416
668 669 -8988
668 3355 4464
669 670 -8942
670 671 9112
671 672 -8597
672 673 6200
673 674 -6169
674 675 2782
675 676 -5949
676 677 -2757
676 683 -7666
677 678 7858
677 1930 6868
678 679 -3477
679 680 1800
680 681 -5554
680 435 919
681 682 6450
682 683 4883
683 684 -3484
684 685 -2063
685 686 7773
685 2287 6554
686 687 4183
686 3528 5684
687 688 -6944
688 689 -5708
688 2399 -7130
689 690 1700
689 976 2388
690 691 1533
691 692 -7867
692 693 1734
693 694 -427
694 695 1272
695 696 8345
696 697 -3457
696 240 7927
697 698 4320
698 699 9615
699 700 2517
699 2898 5918
700 701 -5877
701 702 -7106
702 703 -2153
703 704 9268
703 1721 7888
704 705 -8514
704 1770 1755
705 706 8207
706 707 1225
707 708 9645
707 3607 3821
708 709 116
709 710 3110
709 1931 -117
710 711 -4018
711 712 -3185
711 1262 6689
712 713 1614
713 714 3025
713 2682 5111
714 715 -6796
714 462 2973
715 716 4945
716 717 6928
716 3006 -2737
717 718 7224
717 1410 1386
718 719 -1228
718 3209 4277
719 720 -4856
720 721 2934
721 722 -5844
721 1506 -9475
722 723 6347
722 3482 -3970
723 724 8072
724 725 -114
725 726 6176
725 1907 -1224
726 727 9060
726 288 -270
727 728 3909
727 3858 -5604
728 729 -7661
729 730 9113
730 731 -7666
731 732 -1317
732 733 2312
733 734 -4195
734 735 -4404
735 736 8940
736 737 -9674
737 738 -4857
738 739 -7941
739 740 8492
739 3554 7751
740 741 -3631
740 2550 3283
741 742 5714
741 314 -2331
742 743 -22
742 965 9115
743 744 -7052
744 745 8870
745 746 -7722
746 747 -536
746 721 -2618
747 748 217
748 749 4986
748 2855 -9081
749 750 6465
749 443 -2465
750 751 -1661
751 752 566
751 2167 963
752 753 -6576
752 3762 -5369
753 754 -5630
754 755 -9668
754 2559 7200
755 756 90
756 757 6802
757 758 -2769
758 759 -2589
758 3341 -537
759 760 4457
760 761 -6604
761 762 5747
762 763 4167
763 764 1956
763 2297 3821
764 765 -9405
765 766 -7946
766 767 -5792
767 768 311
767 324 -6066
768 769 -981
769 770 -4061
770 771 4555
771 772 -3370
772 773 3265
773 774 9510
774 775 -6793
774 3779 6112
775 776 5348
776 777 3856
777 778 -4503
778 779 -8284
779 780 8162
779 1557 5609
780 781 2355
781 782 3794
782 783 1366
783 784 716
783 2021 -6936
784 785 -4009
785 786 -6459
786 787 8238
787 788 1324
788 789 -645
789 790 -5841
790 791 9250
791 792 -557
792 793 -4834
792 1460 -7128
793 794 5221
794 795 4381
795 796 -3540
795 2296 -1594
796 797 -9691
797 798 -402
798 799 -4670
798 94 -524
799 800 3
799 4 -2806
800 801 1402
801 802 -1566
801 1088 6280
802 803 4286
803 804 -2824
803 267 7707
804 805 -9281
805 806 -4879
806 807 -1298
807 808 -7162
807 3402 27
808 809 8166
808 814 3773
809 810 2417
810 811 -6775
811 812 7062
811 1888 5781
812 813 -5846
813 814 -6114
814 815 -7170
815 816 1522
815 1514 -1167
816 817 2425
816 313 5854
817 818 -6632
818 819 5718
818 3043 7850
819 820 1374
820 821 -3241
821 822 6964
822 823 91
822 1445 3294
823 824 -9414
824 825 -4607
824 3901 163
825 826 -1727
826 827 -2801
827 828 7392
827 1355 -8826
828 829 -5555
828 408 -4141
829 830 -7329
830 831 -624
830 1566 3300
831 832 -1832
832 833 3027
832 2838 -3195
833 834 -1331
834 835 3064
835 836 -5975
836 837 9745
837 838 -3446
838 839 -6843
839 840 -3301
840 841 2469
841 842 4231
841 1722 -5503
842 843 -171
842 2163 3174
843 844 4829
844 845 -3032
844 1351 4519
845 846 -7748
845 552 -2887
846 847 -2650
847 848 -3841
847 847 6919
848 849 -5643
849 850 -7690
850 851 6479
850 1107 -9747
851 852 -3437
852 853 -7127
853 854 8108
853 3636 -9111
854 855 208
855 856 7266
856 857 7320
857 858 885
858 859 -7854
858 1336 9477
859 860 5198
860 861 9167
860 411 -6353
861 862 6319
861 3832 -3103
862 863 4287
862 1626 -8816
863 864 908
864 865 5420
864 3280 4836
865 866 -4641
866 867 -1948
867 868 5499
867 3058 -756
868 869 7115
869 870 -7894
870 871 5056
870 1316 8891
871 872 -469
871 1228 -6472
872 873 -3706
873 874 -6518
874 875 6236
874 1278 -8507
875 876 -7870
875 3762 3445
876 877 9521
877 878 -8024
878 879 -8562
878 1450 -7624
879 880 3872
880 881 -4089
881 882 -7552
881 1793 6403
882 883 -5288
883 884 -6683
884 885 4944
885 886 388
886 887 -8301
887 888 -7554
887 3784 7896
888 889 7631
889 890 -1499
890 891 -1463
891 892 -274
891 2404 -8995
892 893 -9217
892 2865 5390
893 894 -6941
893 2003 -948
894 895 3193
895 896 -2938
896 897 -6380
897 898 -8632
898 899 -9591
898 2147 -1658
899 900 -3831
900 901 4155
901 902 -527
902 903 5370
903 904 8579
904 905 -8018
905 906 6403
906 907 -6400
907 908 -4307
907 1400 2851
908 909 -1393
908 89 -8629
909 910 3613
910 911 9560
911 912 8634
911 2208 4191
912 913 503
912 434 -4560
913 914 -1924
914 915 689
915 916 7005
915 832 -3156
916 917 3794
916 682 3295
917 918 2310
918 919 -5831
919 920 8787
920 921 8168
921 922 -1291
921 2584 -927
922 923 -3873
923 924 -6357
924 925 2763
925 926 -2205
926 927 7113
926 893 7205
927 928 -3897
927 1663 8764
928 929 -4856
928 2000 5160
929 930 571
930 931 6047
931 932 -8247
932 933 8339
932 1880 3486
933 934 7153
933 2254 -6768
934 935 -6030
935 936 -8529
935 811 -4819
936 937 8512
937 938 7360
937 2684 -88
938 939 -2373
939 940 -2588
940 941 5851
941 942 -4114
941 671 4001
942 943 5622
943 944 -4275
943 3181 -5776
944 945 2928
945 946 -9036
946 947 6317
946 585 -7992
947 948 9771
948 949 9784
948 907 -212
949 950 9385
950 951 4606
950 2085 -2970
951 952 4916
952 953 -1285
952 825 -7559
953 954 8067
954 955 -27
954 839 5862
955 956 -7845
956 957 9728
957 958 -7889
957 215 3149
958 959 3931
959 960 -4952
960 961 -6516
960 2081 535
961 962 -5080
962 963 -1553
963 964 -9681
963 1535 7825
964 965 -9224
965 966 6938
966 967 1801
966 2485 990
967 968 8807
967 2045 7199
968 969 4297
969 970 6215
969 2672 2133
970 971 7212
970 2239 2756
971 972 6641
971 511 2806
972 973 5375
972 851 -1379
973 974 5334
973 3453 4086
974 975 -8515
974 1418 -2023
975 976 -1713
976 977 2977
977 978 3768
978 979 6779
979 980 610
980 981 726
981 982 -9041
981 1339 -5783
982 983 1935
983 984 4581
983 677 885
984 985 -214
985 986 -8712
985 3019 -1811
986 987 582
986 1303 9631
987 988 -5924
988 989 2680
988 2047 -3891
989 990 5043
990 991 690
991 992 520
992 993 -5122
992 2071 -5544
993 994 -638
993 1382 -1135
994 995 9315
995 996 334
996 997 3742
997 998 -6369
998 999 6394
998 3120 9335
999 1000 3461
1000 1001 -3657
1000 2469 8470
1001 1002 -3684
1002 1003 -2939
1002 1714 4346
1003 1004 -5514
1004 1005 7553
1005 1006 4988
1005 650 -7938
1006 1007 -5016
1007 1008 531
1008 1009 -1016
1008 858 -297
1009 1010 207
1010 1011 3319
1010 3796 4361
1011 1012 7081
1011 3088 1620
1012 1013 -9118
1012 3260 -6184
1013 1014 -9124
1014 1015 -1701
1014 3631 -8931
1015 1016 5184
1016 1017 -9549
1016 310 -4038
1017 1018 -1057
1018 1019 -518
1019 1020 1385
1020 1021 2550
1021 1022 6167
1022 1023 -410
1023 1024 706
1023 1848 4329
1024 1025 829
1024 3604 -3618
1025 1026 3381
1026 1027 -3923
1027 1028 -3909
1027 1910 9683
1028 1029 4258
1029 1030 3975
1030 1031 2135
1031 1032 9556
1032 1033 -1137
1033 1034 2544
1034 1035 8613
1034 927 8770
1035 1036 -6057
1036 1037 -128
1037 1038 -7744
1037 3746 8340
1038 1039 -2852
1038 2647 -1194
1039 1040 6875
1040 1041 -2724
1040 3954 -7194
1041 1042 2168
1042 1043 1885
1043 1044 -832
1043 3708 -9459
1044 1045 -2523
1044 1849 9577
1045 1046 8707
1046 1047 6893
1047 1048 -1866
1048 1049 -3580
1048 2616 2045
1049 1050 7518
1049 2839 -2509
1050 1051 7544
1050 1556 -4085
1051 1052 -7817
1052 1053 4278
1052 1370 -1053
1053 1054 -2214
1054 1055 6323
1055 1056 7804
1056 1057 -7914
1057 1058 3592
1057 3627 5687
1058 1059 -4687
1058 334 -1238
1059 1060 5299
1060 1061 9280
1060 1052 7950
1061 1062 -3276
1061 334 1509
1062 1063 -1932
1063 1064 1603
1064 1065 5272
1065 1066 -1555
1065 513 4463
1066 1067 3242
1067 1068 -1713
1068 1069 -4189
1069 1070 5431
1070 1071 6334
1071 1072 -1111
1071 847 -3440
1072 1073 4948
1072 704 9165
1073 1074 -5353
1074 1075 6094
1074 3653 -2387
1075 1076 9099
1076 1077 -7190
1076 3561 2424
1077 1078 -6001
1078 1079 -9923
1079 1080 4070
1079 2701 -1942
1080 1081 -8587
1080 709 7683
1081 1082 2328
1082 1083 -6172
1083 1084 6212
1083 3470 -9892
1084 1085 -2565
1084 3794 7203
1085 1086 9949
1086 1087 7560
1087 1088 9802
1087 754 -8757
1088 1089 -3739
1089 1090 -5529
1089 3460 7918
1090 1091 -372
1090 2181 4094
1091 1092 7881
1092 1093 -8365
1092 1167 114
1093 1094 -9168
1093 2798 2481
1094 1095 5186
1095 1096 5816
1095 528 4788
1096 1097 8815
1097 1098 2961
1098 1099 -6839
1098 505 -610
1099 1100 -3809
1100 1101 3371
1100 3970 -8377
1101 1102 -7816
1102 1103 4566
1102 2716 1225
1103 1104 -5243
1104 1105 1732
1104 3037 4683
1105 1106 306
1105 633 -6402
1106 1107 9227
1106 3755 -7842
1107 1108 751
1108 1109 833
1108 1012 -5420
1109 1110 -2019
1110 1111 -2891
1110 3923 -3822
1111 1112 1357
1112 1113 -4684
1112 3497 -8003
1113 1114 -6370
1113 938 -9993
1114 1115 -5013
1114 2009 -4559
1115 1116 -22
1116 1117 7219
1117 1118 4479
1118 1119 -2544
1119 1120 -9448
1120 1121 9253
1121 1122 6480
1122 1123 2148
1122 532 -1724
1123 1124 5516
1124 1125 -7308
1125 1126 5052
1126 1127 647
1126 393 5498
1127 1128 6346
1127 2043 166
1128 1129 -795
1128 491 -4165
1129 1130 -3380
1130 1131 -4792
1131 1132 8172
1132 1133 -6646
1133 1134 945
1134 1135 -8927
1135 1136 1550
1135 3788 1596
1136 1137 6860
1137 1138 -2784
1137 7 8501
1138 1139 -2076
1139 1140 3771
1140 1141 -1220
1141 1142 9455
1142 1143 4543
1143 1144 -3596
1144 1145 -1034
1145 1146 844
1146 1147 6614
1146 1505 -7341
1147 1148 -6113
1148 1149 3646
1149 1150 1249
1149 2497 8464
1150 1151 -1418
1151 1152 7714
1151 98 -2430
1152 1153 -5287
1153 1154 -3542
1154 1155 3559
1155 1156 4979
1156 1157 -3306
1156 3578 -3864
1157 1158 -1851
1158 1159 3703
1159 1160 3601
1160 1161 -1595
1160 3518 6721
1161 1162 -1037
1162 1163 -2256
1163 1164 6029
1164 1165 -6396
1165 1166 -4650
1166 1167 -9873
1166 2764 -7797
1167 1168 -292
1167 2257 8261
1168 1169 -3383
1169 1170 -1125
1170 1171 -7553
1170 3474 -774
1171 1172 2478
1171 613 829
1172 1173 1416
1172 855 -5227
1173 1174 1237
1173 1920 7972
1174 1175 -6675
1175 1176 8916
1175 1100 536
1176 1177 -4989
1177 1178 -7447
1177 453 3079
1178 1179 540
1179 1180 3821
1180 1181 3720
1180 3149 264
1181 1182 223
1182 1183 6128
1183 1184 5340
1183 1165 -2026
1184 1185 4965
1185 1186 -4318
1186 1187 917
1187 1188 -2277
1188 1189 -4718
1189 1190 -8503
1189 372 4373
1190 1191 -7575
1190 624 7150
1191 1192 7132
1192 1193 -37
1193 1194 -9645
1194 1195 -3092
1195 1196 -256
1196 1197 -2429
1197 1198 -2633
1198 1199 7815
1199 1200 -5137
1199 598 -3753
1200 1201 2981
1201 1202 3318
1202 1203 5126
1203 1204 1717
1203 3718 8307
1204 1205 -9404
1205 1206 688
1205 1200 -361
1206 1207 1605
1207 1208 9228
1207 1744 -4669
1208 1209 3204
1209 1210 -5928
1209 459 441
1210 1211 3680
1210 1750 -6868
1211 1212 3602
1212 1213 -3407
1212 2548 -5291
1213 1214 9199
1213 2990 8662
1214 1215 -9076
1215 1216 1333
1215 3805 -4432
1216 1217 -5619
1217 1218 5136
1218 1219 3223
1219 1220 2587
1220 1221 3306
1221 1222 -9743
1221 246 -9077
1222 1223 -5162
1223 1224 -7729
1224 1225 -5852
1224 141 -3285
1225 1226 2543
1226 1227 6098
1226 388 -1270
1227 1228 -534
1227 2732 88
1228 1229 402
1228 1523 -9630
1229 1230 -19
1230 1231 -7254
1231 1232 8632
1232 1233 -5722
1232 328 -8868
1233 1234 -2637
1234 1235 -9215
1235 1236 403
1236 1237 -5832
1236 2243 7286
1237 1238 9672
1238 1239 785
1238 3926 2881
1239 1240 -3907
1239 3161 4367
1240 1241 -6827
1240 2782 6302
1241 1242 9131
1242 1243 -3423
1243 1244 -7958
1244 1245 1998
1244 3042 1137
1245 1246 -1747
1246 1247 -1916
1247 1248 6694
1248 1249 -8127
1249 1250 7689
1249 2915 -581
1250 1251 3893
1251 1252 8144
1252 1253 -9293
1252 2800 -6878
1253 1254 3115
1254 1255 -865
1255 1256 -537
1255 3769 -5252
1256 1257 -1956
1257 1258 8853
1257 1810 -4638
1258 1259 1258
1259 1260 -5694
1260 1261 -1992
1260 680 -3209
1261 1262 9969
1261 1372 4819
1262 1263 5934
1263 1264 6719
1264 1265 1326
1265 1266 5930
1265 1933 -691
1266 1267 9619
1267 1268 -3926
1267 1320 -7479
1268 1269 254
1268 1183 -9850
1269 1270 -9561
1270 1271 -4791
1271 1272 -762
1272 1273 -6402
1273 1274 7138
1273 2844 -7404
1274 1275 1026
1275 1276 3762
1276 1277 -774
1276 948 3159
1277 1278 -7570
1278 1279 -4253
1279 1280 5991
1279 3354 6499
1280 1281 7812
1281 1282 -1537
1282 1283 8973
1283 1284 5512
1283 1359 3486
1284 1285 -2051
1284 2528 -1237
1285 1286 8674
1286 1287 -5046
1286 1777 -1417
1287 1288 -6631
1287 1180 -163
1288 1289 -6977
1288 2278 -8124
1289 1290 -101
1290 1291 -4290
1290 132 -6684
1291 1292 -2288
1292 1293 8953
1292 3933 6821
1293 1294 -269
1294 1295 2466
1295 1296 -7639
1296 1297 7368
1297 1298 -664
1297 3249 -9344
1298 1299 4296
1299 1300 7952
1300 1301 8049
1301 1302 -7336
1302 1303 -4310
1303 1304 6900
1304 1305 -8779
1304 3492 -4348
1305 1306 -4013
1306 1307 9878
1307 1308 -5633
1308 1309 -3514
1309 1310 5370
1310 1311 -6530
1311 1312 -8321
1312 1313 7426
1313 1314 181
1313 526 -4224
1314 1315 9222
1314 3615 -4519
1315 1316 5467
1316 1317 -5780
1316 2259 6660
1317 1318 6397
1318 1319 2132
1319 1320 855
1319 1549 -7885
1320 1321 6673
1320 2758 -1573
1321 1322 1638
1322 1323 -9331
1323 1324 7100
1323 1880 -2671
1324 1325 -6450
1325 1326 505
1326 1327 -667
1327 1328 76
1328 1329 -9060
1329 1330 8725
1330 1331 -3831
1331 1332 -4504
1332 1333 -540
1333 1334 582
1334 1335 -6480
1335 1336 2136
1335 3420 7591
1336 1337 -4800
1337 1338 -3448
1338 1339 5242
1339 1340 -5363
1340 1341 -4799
1341 1342 2911
1341 528 3199
1342 1343 -8798
1343 1344 -7154
1344 1345 5792
1345 1346 -6731
1346 1347 -160
1346 13 -8988
1347 1348 2471
1348 1349 -8842
1348 401 4490
1349 1350 9758
1349 2547 6825
1350 1351 -8241
1351 1352 -6500
1351 890 -6661
1352 1353 -2912
1353 1354 980
1354 1355 6462
1354 483 -3295
1355 1356 229
1355 2910 -3845
1356 1357 -7461
1357 1358 -6520
1358 1359 -1927
1359 1360 5858
1360 1361 -9133
1360 1945 4450
1361 1362 9837
1362 1363 7467
1363 1364 8053
1364 1365 -8558
1364 286 4149
1365 1366 -788
1365 1421 -7351
1366 1367 9710
1367 1368 9652
1368 1369 3995
1369 1370 8178
1369 360 -245
1370 1371 -9424
1370 2557 -6849
1371 1372 3860
1372 1373 -2220
1373 1374 9244
1374 1375 -9465
1374 2722 -2123
1375 1376 -9948
1375 1020 -2529
1376 1377 1808
1377 1378 7329
1377 3723 -3813
1378 1379 -9867
1379 1380 -2497
1380 1381 -5875
1380 1750 3089
1381 1382 4106
1382 1383 6580
1382 1501 1985
1383 1384 8869
1384 1385 1227
1385 1386 9860
1386 1387 9116
1386 939 8156
1387 1388 3237
1387 3326 -56
1388 1389 4207
1389 1390 3882
1389 2923 -7897
1390 1391 -7363
1391 1392 3065
1392 1393 -1164
1392 2965 418
1393 1394 9378
1394 1395 6286
1395 1396 3631
1395 1971 8585
1396 1397 -6640
1397 1398 4877
1398 1399 5329
1399 1400 -6556
1400 1401 -9688
1401 1402 5480
1402 1403 -5804
1403 1404 -989
1403 1397 -1238
1404 1405 6219
1405 1406 1026
1405 918 653
1406 1407 7906
1406 926 -508
1407 1408 2309
1408 1409 -6260
1409 1410 -3905
1409 2856 -344
1410 1411 4898
1411 1412 9409
1412 1413 -2596
1413 1414 -3838
1414 1415 -2984
1415 1416 -6918
1416 1417 4831
1417 1418 3448
1418 1419 -9052
1418 2006 -252
1419 1420 -7776
1419 1787 8394
1420 1421 -8579
1420 3153 -1604
1421 1422 -3413
1422 1423 -1981
1423 1424 3037
1424 1425 2767
1425 1426 4517
1426 1427 -210
1427 1428 4407
1427 3999 -7574
1428 1429 1095
1429 1430 -5133
1430 1431 -2506
1431 1432 -9112
1432 1433 7602
1433 1434 2838
1433 3042 6698
1434 1435 -3862
1434 2729 3771
1435 1436 3692
1436 1437 652
1436 1001 9361
1437 1438 -4898
1438 1439 4828
1439 1440 6049
1439 1092 8449
1440 1441 -4685
1441 1442 -6560
1441 1537 -8908
1442 1443 5884
1443 1444 -1159
1444 1445 4119
1445 1446 2522
1446 1447 243
1447 1448 251
1447 2540 -9442
1448 1449 1103
1449 1450 2366
1450 1451 -2079
1451 1452 -6309
1452 1453 -1434
1452 1696 4974
1453 1454 -3622
1454 1455 -4209
1455 1456 2870
1456 1457 9929
1456 1976 -2323
1457 1458 -8182
1458 1459 -8677
1459 1460 -8690
1459 1249 -9519
1460 1461 4045
1461 1462 -1160
1462 1463 -9401
1462 2092 -4943
1463 1464 -4500
1463 2272 4851
1464 1465 9538
1465 1466 4083
1466 1467 -6965
1467 1468 7405
1468 1469 5197
1469 1470 -9808
1469 2996 -797
1470 1471 -3024
1471 1472 3687
1472 1473 -8335
1473 1474 -8288
1473 3787 -695
1474 1475 3446
1475 1476 -9323
1475 977 5208
1476 1477 -4376
1476 522 3913
1477 1478 -5690
1478 1479 -7181
1478 2961 -6689
1479 1480 6499
1479 573 1093
1480 1481 -7830
1481 1482 5067
1481 2473 3039
1482 1483 -1571
1483 1484 -427
1484 1485 8720
1485 1486 -7704
1486 1487 -6909
1487 1488 4843
1488 1489 3213
1488 3149 -7310
1489 1490 -7777
1490 1491 3385
1490 1498 9756
1491 1492 -150
1492 1493 1045
1493 1494 1686
1494 1495 -4588
1494 539 -3198
1495 1496 8284
1496 1497 -3051
1496 89 7981
1497 1498 3341
1498 1499 6078
1498 3491 -1286
1499 1500 -2917
1499 2780 1006
1500 1501 8204
1500 120 3649
1501 1502 -2125
1501 1457 -1213
1502 1503 3604
1503 1504 3262
1504 1505 7230
1504 1039 -1289
1505 1506 -8250
1506 1507 7386
1507 1508 -6209
1508 1509 -2915
1509 1510 6286
1509 1480 -864
1510 1511 8253
1510 1096 -6044
1511 1512 -1654
1512 1513 5231
1513 1514 -6723
1514 1515 -4555
1515 1516 -4671
1515 1588 -3276
1516 1517 -5115
1516 1849 -5537
1517 1518 -8070
1517 102 -1163
1518 1519 5336
1518 2303 -5116
1519 1520 -9024
1520 1521 -6159
1521 1522 -1099
1522 1523 -9813
1523 1524 -8538
1524 1525 -1128
1525 1526 2178
1526 1527 7811
1526 626 6009
1527 1528 7992
1527 64 1851
1528 1529 1842
1529 1530 2769
1529 3820 -5609
1530 1531 -9412
1530 2196 -9910
1531 1532 4347
1531 1942 3812
1532 1533 5406
1532 2029 -8240
1533 1534 1880
1533 991 -2153
1534 1535 -9180
1534 481 -7013
1535 1536 -7926
1536 1537 -7711
1537 1538 1324
1538 1539 457
1539 1540 -4225
1540 1541 -7068
1540 3439 1760
1541 1542 -8246
1542 1543 -1007
1543 1544 -8923
1543 668 -8338
1544 1545 -1422
1545 1546 -2754
1545 2770 4403
1546 1547 -6033
1547 1548 -7258
1548 1549 1662
1548 2852 2846
1549 1550 -2134
1550 1551 -6715
1550 3180 3874
1551 1552 725
1552 1553 3761
1553 1554 -6745
1554 1555 -5623
1555 1556 8558
1556 1557 9930
1557 1558 6495
1557 2811 2301
1558 1559 5338
1559 1560 -8192
1560 1561 1755
1561 1562 1923
1561 508 -8747
1562 1563 7892
1562 1587 -592
1563 1564 -8087
1564 1565 -5745
1565 1566 2287
1566 1567 -2713
1566 962 9073
1567 1568 -4885
1567 1857 9391
1568 1569 -7318
1568 2726 4487
1569 1570 -9401
1570 1571 -9262
1571 1572 -6005
1572 1573 -7432
1573 1574 -4752
1574 1575 2198
1575 1576 671
1576 1577 -7804
1577 1578 -6275
1578 1579 8364
1579 1580 -8435
1580 1581 -6213
1581 1582 -489
1582 1583 1476
1582 1217 3675
1583 1584 -2112
1584 1585 2970
1585 1586 7125
1585 87 -3073
1586 1587 2630
1586 2277 4489
1587 1588 6312
1588 1589 6347
1589 1590 -2821
1589 2049 -5288
1590 1591 -7156
1590 3240 9177
1591 1592 6910
1592 1593 -3146
1593 1594 4419
1594 1595 -6182
1594 3771 -569
1595 1596 -5871
1595 3728 -1540
1596 1597 4368
1597 1598 -1386
1597 2022 -5949
1598 1599 1518
1599 1600 4019
1600 1601 9147
1601 1602 -761
1602 1603 7707
1602 2692 5063
1603 1604 -1725
1604 1605 698
1605 1606 -8415
1606 1607 -1876
1607 1608 -6147
1608 1609 -9083
1609 1610 1665
1610 1611 -7267
1611 1612 -3466
1612 1613 8966
1612 2236 -6808
1613 1614 -3502
1614 1615 6187
1614 1753 -9538
1615 1616 363
1616 1617 -7770
1617 1618 -4310
1618 1619 5043
1619 1620 2183
1620 1621 7794
1621 1622 309
1621 1223 -5297
1622 1623 3236
1623 1624 5867
1624 1625 9452
1625 1626 -5421
1625 1022 -7329
1626 1627 -6583
1626 76 328
1627 1628 -5884
1627 2536 4099
1628 1629 4719
1628 17 9544
1629 1630 9847
1629 1087 -4699
1630 1631 -5009
1631 1632 -6253
1631 2395 3777
1632 1633 -7843
1632 2439 1976
1633 1634 -6297
1633 3662 2907
1634 1635 -103
1634 3308 8139
1635 1636 9658
1635 391 7943
1636 1637 -8711
1637 1638 -6053
1637 3043 749
1638 1639 -4931
1639 1640 -612
1639 3408 -998
1640 1641 7893
1641 1642 4013
1641 3361 4560
1642 1643 -2672
1642 978 -9260
1643 1644 4891
1643 3329 -4746
1644 1645 4198
1645 1646 6619
1646 1647 -5449
1646 879 -4025
1647 1648 -716
1648 1649 -7481
1649 1650 -5710
1650 1651 5236
1651 1652 -407
1651 3969 -4800
1652 1653 358
1652 1563 1227
1653 1654 8354
1654 1655 -9528
1655 1656 -2825
1656 1657 -5523
1657 1658 5383
1657 1066 5631
1658 1659 4289
1658 1057 3415
1659 1660 3007
1659 3869 -8382
1660 1661 1920
1660 3208 -3662
1661 1662 -165
1662 1663 2849
1662 2012 4223
1663 1664 3023
1664 1665 1617
1664 1723 -2635
1665 1666 -6941
1665 2016 7612
1666 1667 6837
1667 1668 -3410
1668 1669 -1390
1669 1670 -8005
1670 1671 4220
1670 1273 -3841
1671 1672 2343
1672 1673 8875
1672 2812 2323
1673 1674 -4615
1674 1675 -712
1675 1676 5307
1676 1677 -2960
1677 1678 8569
1678 1679 8168
1678 3443 -5073
1679 1680 5643
1680 1681 -3924
1680 1463 9629
1681 1682 -9085
1682 1683 -5087
1682 3230 1809
1683 1684 2753
1683 3621 -5333
1684 1685 -2211
1685 1686 269
1685 2950 8142
1686 1687 -8144
1687 1688 -1878
1687 3731 1425
1688 1689 4235
1689 1690 5237
1689 90 1693
1690 1691 2763
1691 1692 5336
1692 1693 9773
1692 2217 7311
1693 1694 -1806
1694 1695 6452
1695 1696 -3667
1695 322 6721
1696 1697 4342
1697 1698 9517
1698 1699 4681
1699 1700 -3278
1700 1701 9170
1700 2290 2270
1701 1702 -8798
1702 1703 3595
1703 1704 -8142
1704 1705 6161
1704 807 -2464
1705 1706 -6621
1706 1707 8153
1706 3631 2885
1707 1708 -7759
1707 3263 -8000
1708 1709 -1435
1709 1710 -6034
1710 1711 -4963
1710 1070 -167
1711 1712 3405
1711 541 8446
1712 1713 -3928
1713 1714 8637
1714 1715 -6626
1715 1716 -8486
1716 1717 1153
1717 1718 -1823
1718 1719 4742
1719 1720 -1267
1720 1721 9662
1721 1722 7676
1722 1723 -2429
1723 1724 2587
1724 1725 5603
1725 1726 -2830
1726 1727 1261
1726 1471 4063
1727 1728 2937
1727 3607 3041
1728 1729 -4447
1728 2329 -4258
1729 1730 -5960
1730 1731 5510
1731 1732 -5481
1732 1733 3401
1733 1734 3196
1734 1735 8340
1735 1736 -5241
1736 1737 -7861
1737 1738 8296
1738 1739 6671
1739 1740 -3355
1740 1741 -3670
1741 1742 5421
1742 1743 -7975
1743 1744 -4923
1744 1745 647
1744 3430 -9254
1745 1746 -413
1746 1747 -9627
1746 234 6341
1747 1748 -274
1748 1749 385
1749 1750 -4169
1750 1751 2856
1751 1752 -4395
1751 614 -8097
1752 1753 9121
1752 28 9144
1753 1754 -8591
1754 1755 -9610
1754 3294 8092
1755 1756 4169
1755 2289 3412
1756 1757 -6747
1757 1758 1469
1758 1759 -8617
1758 3307 -9499
1759 1760 784
1760 1761 -594
1760 1119 4598
1761 1762 -2252
1762 1763 4759
1763 1764 -3599
1764 1765 -9171
1764 215 8992
1765 1766 -9842
1765 636 8457
1766 1767 -3773
1767 1768 -4856
1768 1769 5730
1768 3882 -4253
1769 1770 -3519
1770 1771 -5045
1770 528 -8747
1771 1772 -2190
1771 771 2753
1772 1773 7310
1773 1774 -6212
1773 886 2433
1774 1775 -6961
1775 1776 -5814
1776 1777 -4622
1777 1778 -1436
1778 1779 5576
1779 1780 6026
1780 1781 8428
1780 1124 -6994
1781 1782 -5812
1781 2095 6223
1782 1783 -6424
1783 1784 -9682
1784 1785 5612
1784 441 3836
1785 1786 -2292
1785 2253 9367
1786 1787 -5567
1786 746 5592
1787 1788 3296
1788 1789 -6719
1789 1790 -4499
1790 1791 6969
1791 1792 -913
1791 253 -5896
1792 1793 5903
1793 1794 8389
1794 1795 -5009
1795 1796 7493
1796 1797 4644
1797 1798 9020
1798 1799 5437
1798 3582 5005
1799 1800 7292
1800 1801 8390
1801 1802 -8279
1802 1803 9286
1802 3072 3128
1803 1804 4126
1804 1805 734
1804 347 7466
1805 1806 -2357
1806 1807 1205
1806 2618 3131
1807 1808 2912
1808 1809 1995
1809 1810 -2756
1810 1811 365
1811 1812 2808
1812 1813 -7856
1812 1659 -1719
1813 1814 2447
1814 1815 243
1814 130 -380
1815 1816 -6068
1816 1817 -6583
1816 3279 -428
1817 1818 3278
1818 1819 1368
1819 1820 -1339
1820 1821 -2412
1821 1822 -5887
1821 3096 -1586
1822 1823 9982
1823 1824 5923
1823 435 -9978
1824 1825 -5035
1824 1781 -5448
1825 1826 4103
1825 658 6429
1826 1827 -2370
1827 1828 -7850
1828 1829 -9441
1828 1531 -6157
1829 1830 9008
1830 1831 3268
1831 1832 -6391
1832 1833 -1954
1833 1834 -1993
1834 1835 -2751
1834 1449 7578
1835 1836 -6590
1835 2018 3582
1836 1837 515
1836 3560 9858
1837 1838 -5705
1838 1839 5642
1839 1840 -2818
1840 1841 4630
1841 1842 -6425
1842 1843 -7535
1843 1844 -264
1843 3588 6521
1844 1845 7968
1844 1570 -4450
1845 1846 3272
1845 2865 8256
1846 1847 -7507
1847 1848 -8341
1848 1849 4366
1849 1850 -6170
1850 1851 6256
1851 1852 355
1852 1853 5912
1853 1854 -5299
1853 3233 8345
1854 1855 2347
1854 389 9523
1855 1856 8702
1855 1470 -8698
1856 1857 -2341
1857 1858 410
1858 1859 -3540
1858 98 5492
1859 1860 2170
1859 666 3800
1860 1861 -9353
1860 2586 3590
1861 1862 575
1861 630 851
1862 1863 -2343
1862 1268 4524
1863 1864 4223
1863 69 6819
1864 1865 6264
1865 1866 9210
1866 1867 -9965
1867 1868 -8352
1868 1869 7984
1869 1870 -5526
1869 3835 -5496
1870 1871 7117
1870 1244 8355
1871 1872 -4630
1872 1873 6848
1872 709 6659
1873 1874 -6754
1874 1875 -3732
1875 1876 -7556
1876 1877 -3379
1877 1878 6477
1878 1879 -1777
1878 58 -3698
1879 1880 7373
1880 1881 8383
1881 1882 -3099
1882 1883 -4324
1883 1884 4294
1884 1885 3974
1885 1886 1884
1885 3657 -6323
1886 1887 424
1886 1777 7543
1887 1888 -9302
1887 1786 9240
1888 1889 9099
1889 1890 4753
1890 1891 3668
1891 1892 3923
1892 1893 -9598
1892 3037 -5721
1893 1894 4399
1893 1706 -2815
1894 1895 -7050
1895 1896 -3074
1896 1897 -8494
1897 1898 5137
1898 1899 986
1899 1900 -6144
1900 1901 -836
1901 1902 -2678
1902 1903 -405
1903 1904 6228
1904 1905 -8673
1905 1906 -2755
1906 1907 -8397
1907 1908 3000
1908 1909 855
1909 1910 9656
1909 1565 -9205
1910 1911 -1386
1911 1912 2269
1911 908 -8629
1912 1913 -131
1912 1802 -532
1913 1914 -1239
1914 1915 6143
1914 1611 5581
1915 1916 5143
1916 1917 -7482
1917 1918 -6
1918 1919 -257
1918 315 1683
1919 1920 -671
1920 1921 -5792
1921 1922 3061
1922 1923 8206
1922 2177 5838
1923 1924 6403
1924 1925 -153
1924 3104 932
1925 1926 860
1926 1927 9879
1927 1928 1331
1928 1929 -1606
1929 1930 -2986
1930 1931 7664
1931 1932 5556
1932 1933 6718
1933 1934 674
1934 1935 4061
1934 612 4903
1935 1936 1953
1936 1937 2142
1936 2388 -3929
1937 1938 9077
1937 640 -9874
1938 1939 -2763
1939 1940 -8469
1940 1941 1650
1941 1942 -6067
1942 1943 -3785
1942 66 -5701
1943 1944 -5869
1944 1945 -350
1944 3238 9345
1945 1946 -4199
1945 916 5776
1946 1947 -7644
1947 1948 8446
1947 3569 -3536
1948 1949 -5130
1948 327 4469
1949 1950 7327
1949 3748 6829
1950 1951 7317
1951 1952 -2599
1951 1487 5901
1952 1953 -492
1953 1954 2134
1954 1955 6671
1955 1956 -2412
1955 3593 3155
1956 1957 5562
1957 1958 4300
1958 1959 841
1958 1977 -2678
1959 1960 3020
1960 1961 -9633
1960 727 2933
1961 1962 9827
1962 1963 463
1963 1964 757
1964 1965 1282
1965 1966 -7204
1965 3585 4519
1966 1967 -1528
1966 2085 -2548
1967 1968 -4798
1967 1152 -6597
1968 1969 6656
1968 1775 -2428
1969 1970 2141
1969 2707 -7458
1970 1971 1778
1971 1972 -1091
1971 3929 -5092
1972 1973 9143
1973 1974 6931
1974 1975 1699
1975 1976 -4087
1976 1977 1787
1977 1978 5414
1977 3739 -4639
1978 1979 5780
1979 1980 1576
1980 1981 9308
1981 1982 -335
1982 1983 -1772
1982 1760 -6933
1983 1984 5837
1984 1985 3995
1985 1986 669
1986 1987 -1533
1987 1988 1592
1988 1989 4894
1989 1990 -1255
1990 1991 3978
1990 2976 -1597
1991 1992 113
1992 1993 -2327
1992 1460 3246
1993 1994 7437
1993 1620 -2151
1994 1995 2333
1995 1996 9871
1995 3026 7826
1996 1997 2850
1997 1998 7259
1997 2417 8220
1998 1999 -2264
1999 2000 -3445
2000 2001 3722
2001 2002 6497
2001 2184 3822
2002 2003 -1235
2003 2004 8454
2004 2005 -7356
2005 2006 -9393
2006 2007 -1950
2007 2008 -1771
2008 2009 -907
2009 2010 -976
2009 658 -3072
2010 2011 766
2011 2012 -8991
2012 2013 -558
2012 1428 -3271
2013 2014 -1816
2013 3179 -6877
2014 2015 -5088
2014 85 1696
2015 2016 6527
2016 2017 -2709
2017 2018 1017
2017 3612 -3133
2018 2019 -4018
2019 2020 5602
2020 2021 1831
2021 2022 2943
2021 3654 -896
2022 2023 -9665
2023 2024 -8006
2024 2025 481
2024 2079 5901
2025 2026 6338
2025 1772 -8995
2026 2027 8088
2027 2028 4551
2028 2029 8183
2029 2030 -9627
2029 3833 -7293
2030 2031 6007
2031 2032 7434
2032 2033 -3819
2032 2218 8508
2033 2034 -8369
2034 2035 4695
2034 1122 -7613
2035 2036 5973
2036 2037 -5281
2036 2216 -8771
2037 2038 6274
2037 562 5953
2038 2039 9615
2038 2548 7375
2039 2040 -8801
2040 2041 131
2041 2042 -9829
2042 2043 5887
2043 2044 1398
2044 2045 2903
2044 3069 4442
2045 2046 -9986
2046 2047 -4698
2046 2827 3845
2047 2048 3847
2047 2741 -1513
2048 2049 -7514
2049 2050 1756
2050 2051 5393
2050 755 8662
2051 2052 5657
2051 159 -8337
2052 2053 -5479
2053 2054 8611
2053 658 7978
2054 2055 2591
2055 2056 6800
2056 2057 -501
2057 2058 9357
2058 2059 9337
2059 2060 4270
2060 2061 -1777
2061 2062 -2500
2061 3541 1380
2062 2063 4942
2063 2064 -2165
2063 3193 817
2064 2065 -3738
2064 3619 9762
2065 2066 4946
2066 2067 -8477
2067 2068 -9742
2067 1388 -8869
2068 2069 7230
2069 2070 3705
2070 2071 2956
2070 483 -5430
2071 2072 -7534
2071 3113 3874
2072 2073 -3512
2073 2074 -3684
2073 3363 9003
2074 2075 -1597
2074 1218 9385
2075 2076 -6248
2076 2077 -4236
2076 1629 -9128
2077 2078 -5665
2078 2079 6438
2079 2080 -4209
2080 2081 -5147
2080 2907 7207
2081 2082 -8133
2081 2036 -6979
2082 2083 3869
2082 1100 8218
2083 2084 1451
2084 2085 -7054
2084 1524 -2564
2085 2086 5985
2085 1450 -1852
2086 2087 -7786
2087 2088 1258
2088 2089 8705
2088 3867 8338
2089 2090 766
2090 2091 3968
2090 1513 1758
2091 2092 7176
2092 2093 -4684
2093 2094 -1338
2094 2095 -6515
2095 2096 6519
2096 2097 -6111
2097 2098 -6009
2098 2099 9090
2099 2100 8461
2100 2101 9038
2100 3678 7345
2101 2102 -2194
2102 2103 8492
2103 2104 7202
2104 2105 9744
2105 2106 7385
2105 376 8804
2106 2107 -110
2106 1300 -5925
2107 2108 -8436
2107 261 -8101
2108 2109 -8750
2108 1775 1097
2109 2110 3159
2110 2111 2796
2110 2977 -1651
2111 2112 -3646
2112 2113 5388
2113 2114 -3250
2114 2115 -3294
2115 2116 -6722
2116 2117 8480
2117 2118 -5431
2118 2119 -6246
2118 3336 -1731
2119 2120 -2028
2119 1460 2394
2120 2121 -7175
2120 1715 -2178
2121 2122 -3940
2121 3693 9373
2122 2123 4562
2123 2124 6241
2124 2125 -2490
2124 604 7645
2125 2126 -1690
2125 2334 2770
2126 2127 3837
2126 2207 1685
2127 2128 6481
2128 2129 -8250
2129 2130 -40
2129 2014 4750
2130 2131 -5501
2131 2132 6822
2132 2133 -6867
2132 2657 -1463
2133 2134 394
2134 2135 2130
2135 2136 -7896
2136 2137 3502
2136 3798 4323
2137 2138 -4150
2137 528 -730
2138 2139 1714
2138 3363 -8953
2139 2140 3759
2139 2941 -2031
2140 2141 -5484
2140 791 301
2141 2142 7052
2141 3720 -8550
2142 2143 1024
2142 3566 1574
2143 2144 -3894
2144 2145 7470
2144 196 -3985
2145 2146 4680
2146 2147 -4523
2147 2148 -9919
2148 2149 -851
2149 2150 8451
2149 20 5701
2150 2151 -6304
2151 2152 6788
2152 2153 2701
2152 1649 -9894
2153 2154 6929
2153 884 -8277
2154 2155 9467
2155 2156 859
2155 3231 8770
2156 2157 209
2156 2707 -5073
2157 2158 8637
2158 2159 1817
2159 2160 9771
2160 2161 3583
2161 2162 -7580
2162 2163 -235
2162 3086 5724
2163 2164 -6229
2164 2165 -4054
2164 318 -8240
2165 2166 8984
2166 2167 -6598
2166 2103 7786
2167 2168 7449
2168 2169 -3724
2168 2005 -9174
2169 2170 -4131
2170 2171 -1366
2171 2172 1211
2171 1905 3364
2172 2173 1545
2172 2130 1891
2173 2174 1009
2174 2175 -4
2175 2176 2492
2176 2177 -6780
2177 2178 7882
2178 2179 -1535
2179 2180 -3484
2179 295 -7302
2180 2181 -4511
2180 2564 1438
2181 2182 1303
2181 988 -4067
2182 2183 1874
2183 2184 -4825
2184 2185 -2079
2185 2186 3239
2186 2187 -2275
2187 2188 4279
2187 3106 4984
2188 2189 8984
2189 2190 -2046
2190 2191 1961
2191 2192 5511
2192 2193 -5541
2193 2194 -8575
2193 2052 -5805
2194 2195 7148
2194 2010 6773
2195 2196 -5022
2196 2197 -2826
2196 100 -4658
2197 2198 -1567
2198 2199 651
2199 2200 -3478
2200 2201 -576
2201 2202 -2669
2202 2203 4966
2203 2204 -24
2204 2205 2959
2204 2666 -6068
2205 2206 2555
2205 1455 -1676
2206 2207 -7408
2207 2208 -8888
2207 3306 107
2208 2209 -6537
2209 2210 -7388
2210 2211 -9647
2211 2212 -9775
2211 1395 -6295
2212 2213 1800
2213 2214 7425
2214 2215 8865
2215 2216 5568
2216 2217 -8278
2217 2218 -5762
2217 2570 -1022
2218 2219 343
2219 2220 -6544
2220 2221 -48
2221 2222 -1682
2222 2223 -8852
2222 3045 -4460
2223 2224 9547
2223 2905 5844
2224 2225 -9246
2225 2226 2793
2226 2227 -8095
2226 3233 -8714
2227 2228 -657
2227 1756 7337
2228 2229 -4117
2229 2230 1998
2229 2282 633
2230 2231 -6001
2230 2850 3814
2231 2232 2504
2232 2233 761
2233 2234 3647
2234 2235 -829
2234 3491 -2400
2235 2236 7523
2236 2237 -7366
2236 718 9051
2237 2238 -2866
2238 2239 3262
2239 2240 3770
2240 2241 2164
2241 2242 -7230
2242 2243 -567
2243 2244 303
2244 2245 -1140
2245 2246 7101
2246 2247 -6178
2247 2248 -2189
2247 3408 -2157
2248 2249 6687
2249 2250 -3884
2250 2251 9335
2251 2252 5870
2252 2253 3991
2252 3034 8050
2253 2254 3289
2254 2255 -5274
2254 640 8532
2255 2256 -2316
2255 2481 1764
2256 2257 -5661
2256 755 7173
2257 2258 -6612
2258 2259 5233
2259 2260 -1552
2259 3510 -5806
2260 2261 -8582
2261 2262 -4782
2262 2263 5228
2263 2264 -1927
2264 2265 -825
2264 2548 -6285
2265 2266 -7157
2265 189 188
2266 2267 4495
2267 2268 5084
2268 2269 720
2268 3528 -4867
2269 2270 8087
2270 2271 -4445
2271 2272 -6898
2271 2792 6290
2272 2273 -290
2273 2274 4370
2274 2275 5296
2275 2276 9404
2276 2277 2788
2277 2278 -5944
2277 2626 3857
2278 2279 8678
2278 1940 241
2279 2280 -3035
2279 762 3795
2280 2281 -7986
2280 1697 -9080
2281 2282 7313
2281 970 7958
2282 2283 -4986
2282 3410 3450
2283 2284 6480
2284 2285 -4683
2285 2286 557
2285 1309 -2832
2286 2287 1352
2286 3161 -3109
2287 2288 -6712
2288 2289 6397
2289 2290 -8398
2289 2204 -7869
2290 2291 9138
2291 2292 685
2291 601 8911
2292 2293 1455
2293 2294 -4670
2294 2295 -626
2294 2808 -1324
2295 2296 -397
2296 2297 9065
2296 1893 -6101
2297 2298 6801
2298 2299 -1298
2299 2300 -2827
2300 2301 -7965
2300 3651 -2279
2301 2302 -6688
2302 2303 -4170
2303 2304 -2916
2304 2305 3090
2305 2306 799
2306 2307 5925
2306 2096 -6352
2307 2308 -1597
2307 1167 4245
2308 2309 -6350
2309 2310 8961
2309 1704 175
2310 2311 6460
2310 418 -5037
2311 2312 7193
2312 2313 2242
2313 2314 -4588
2314 2315 8247
2315 2316 -7514
2316 2317 -97
2317 2318 4580
2317 1691 -7061
2318 2319 -6393
2319 2320 -982
2320 2321 -9716
2321 2322 6347
2321 3968 4662
2322 2323 -4966
2322 133 1982
2323 2324 1
2324 2325 -1478
2325 2326 8274
2326 2327 -9418
2327 2328 973
2328 2329 -5125
2328 2063 -7017
2329 2330 5564
2329 3422 7431
2330 2331 -2786
2331 2332 8265
2332 2333 1240
2333 2334 -3372
2333 3353 8498
2334 2335 4524
2335 2336 7728
2335 1838 2250
2336 2337 -8770
2337 2338 3409
2338 2339 -7925
2339 2340 -7123
2340 2341 -2759
2340 3064 -7329
2341 2342 6609
2342 2343 842
2343 2344 4488
2343 584 6476
2344 2345 7306
2345 2346 1437
2345 485 -3964
2346 2347 -9720
2347 2348 -5649
2348 2349 -7560
2348 1150 5462
2349 2350 -215
2350 2351 3911
2350 724 -9023
2351 2352 -6193
2352 2353 -7659
2352 634 -8778
2353 2354 -7868
2354 2355 -337
2355 2356 -7539
2355 3581 7511
2356 2357 -872
2357 2358 -4887
2358 2359 -703
2359 2360 1185
2360 2361 -2076
2360 1446 2180
2361 2362 -8825
2362 2363 1012
2362 2066 5330
2363 2364 9131
2363 2973 3068
2364 2365 -6304
2365 2366 -5105
2366 2367 3342
2367 2368 7494
2368 2369 5054
2369 2370 8868
2370 2371 -8671
2371 2372 -4971
2371 1414 -8775
2372 2373 -3619
2372 1209 5267
2373 2374 1328
2373 3348 5974
2374 2375 9789
2374 3858 -9571
2375 2376 2996
2375 124 -7940
2376 2377 7891
2376 2915 6897
2377 2378 -687
2377 1565 4487
2378 2379 -927
2379 2380 5366
2379 1085 69
2380 2381 -4882
2381 2382 -530
2381 815 -3210
2382 2383 3244
2383 2384 2360
2384 2385 549
2385 2386 7483
2385 959 3872
2386 2387 -3284
2386 765 6528
2387 2388 -5187
2387 2585 5695
2388 2389 -6042
2389 2390 56
2389 1808 8805
2390 2391 -7372
2390 1690 -1061
2391 2392 -3874
2391 65 7090
2392 2393 5219
2393 2394 6866
2394 2395 799
2395 2396 -9061
2396 2397 287
2397 2398 5332
2397 3778 -8984
2398 2399 1796
2399 2400 -1367
2399 2609 12
2400 2401 -6413
2400 3190 -8862
2401 2402 -1821
2402 2403 244
2403 2404 3498
2403 314 -1731
2404 2405 7558
2405 2406 -8030
2406 2407 -9454
2406 1544 -4533
2407 2408 7029
2408 2409 223
2409 2410 3439
2409 1189 -7233
2410 2411 -165
2410 2696 467
2411 2412 5177
2411 2044 7032
2412 2413 -576
2413 2414 8885
2414 2415 395
2415 2416 -8415
2415 1196 4394
2416 2417 4623
2417 2418 -7691
2417 1417 -8087
2418 2419 -8024
2419 2420 -8907
2419 1805 4033
2420 2421 7889
2420 1257 -6486
2421 2422 1116
2421 707 -7345
2422 2423 7563
2423 2424 -5122
2424 2425 5161
2425 2426 -4425
2426 2427 -3285
2426 1185 -6190
2427 2428 -8820
2428 2429 1253
2428 2407 2922
2429 2430 -7297
2430 2431 3148
2431 2432 -1620
2432 2433 -5781
2432 165 6541
2433 2434 -5198
2434 2435 -4182
2435 2436 5719
2436 2437 1287
2436 3817 2302
2437 2438 -5961
2438 2439 861
2438 1238 6238
2439 2440 -2857
2440 2441 -973
2441 2442 3296
2441 2682 -2778
2442 2443 -5416
2443 2444 3362
2443 611 3813
2444 2445 4551
2444 45 6340
2445 2446 5995
2446 2447 -9866
2447 2448 2633
2448 2449 -7874
2449 2450 -3286
2450 2451 -1252
2451 2452 -2258
2451 3875 7800
2452 2453 9947
2452 2975 2929
2453 2454 -9498
2454 2455 -7677
2455 2456 7103
2456 2457 -1207
2457 2458 -4456
2458 2459 7576
2459 2460 -2444
2459 3409 3050
2460 2461 -4882
2461 2462 2050
2461 1260 -7975
2462 2463 2431
2463 2464 2484
2463 2444 3041
2464 2465 -8784
2465 2466 4147
2466 2467 7085
2467 2468 7954
2468 2469 4240
2469 2470 -4964
2470 2471 -8987
2471 2472 2330
2472 2473 -7282
2473 2474 3627
2474 2475 329
2475 2476 -4862
2476 2477 1079
2476 3596 -3807
2477 2478 -3098
2478 2479 -5057
2478 2876 -48
2479 2480 4162
2480 2481 -9300
2481 2482 5633
2482 2483 4905
2482 717 3899
2483 2484 3998
2484 2485 8232
2484 3841 8401
2485 2486 -8793
2486 2487 5275
2486 3264 2908
2487 2488 -2142
2488 2489 4461
2489 2490 -290
2490 2491 9231
2491 2492 7524
2492 2493 -5204
2492 3318 2173
2493 2494 -1225
2493 2550 -2601
2494 2495 -1263
2495 2496 -8734
2496 2497 6420
2497 2498 7649
2498 2499 -5742
2499 2500 9256
2499 2428 2492
2500 2501 7084
2500 2822 -8465
2501 2502 8658
2502 2503 -76
2502 3187 -147
2503 2504 1082
2503 462 8484
2504 2505 7669
2505 2506 -5920
2506 2507 386
2506 295 2064
2507 2508 -2631
2507 1656 2266
2508 2509 1516
2509 2510 5109
2510 2511 -5810
2511 2512 503
2512 2513 927
2513 2514 8752
2513 1156 2192
2514 2515 291
2515 2516 -5504
2515 800 -7597
2516 2517 8426
2516 3258 516
2517 2518 -2970
2518 2519 8319
2519 2520 -4039
2520 2521 4991
2521 2522 -7428
2521 3023 -4021
2522 2523 555
2523 2524 -4032
2524 2525 -7006
2525 2526 -2349
2526 2527 -2991
2526 3268 -7588
2527 2528 -992
2528 2529 1914
2528 3860 -2755
2529 2530 4036
2529 2029 -4014
2530 2531 -8657
2531 2532 -1443
2532 2533 -5585
2532 933 3214
2533 2534 5509
2534 2535 6289
2535 2536 -7024
2536 2537 -5392
2536 1507 -7358
2537 2538 9535
2537 1091 9539
2538 2539 -8495
2538 2653 -1433
2539 2540 8006
2540 2541 3252
2540 2628 8621
2541 2542 -5096
2542 2543 -1559
2543 2544 3743
2544 2545 8464
2544 2984 -7796
2545 2546 9370
2546 2547 -2433
2547 2548 2774
2547 1854 9672
2548 2549 -3189
2549 2550 -5225
2550 2551 -8423
2551 2552 -3262
2552 2553 6666
2553 2554 -2062
2554 2555 2918
2555 2556 -6401
2555 1393 -8527
2556 2557 -6330
2557 2558 2794
2557 2110 3545
2558 2559 6281
2558 530 7376
2559 2560 4139
2560 2561 -4282
2561 2562 -290
2562 2563 5733
2563 2564 699
2563 2356 9011
2564 2565 3078
2565 2566 7543
2566 2567 -4651
2566 3571 -7890
2567 2568 -8977
2568 2569 -6328
2569 2570 1876
2569 1701 5386
2570 2571 -4074
2570 105 -2179
2571 2572 -3373
2572 2573 -5877
2573 2574 8457
2574 2575 127
2575 2576 -5835
2575 777 -4780
2576 2577 -5437
2576 1346 5092
2577 2578 -6162
2577 2956 7245
2578 2579 5271
2579 2580 -5424
2580 2581 9451
2580 766 -9268
2581 2582 6479
2582 2583 -5664
2583 2584 9954
2584 2585 6623
2585 2586 -3969
2585 1664 -2689
2586 2587 -9889
2587 2588 -9925
2587 1995 3248
2588 2589 2109
2589 2590 -9473
2590 2591 -5033
2590 2142 4307
2591 2592 -3932
2591 1007 9579
2592 2593 874
2593 2594 -1681
2594 2595 -3088
2595 2596 -9781
2595 3464 2173
2596 2597 -6600
2597 2598 -8104
2598 2599 -1249
2599 2600 1006
2600 2601 265
2600 3324 -705
2601 2602 -6433
2602 2603 5046
2602 3887 3081
2603 2604 -2896
2604 2605 -9940
2605 2606 -4903
2606 2607 6445
2607 2608 -7256
2608 2609 -6476
2609 2610 9352
2610 2611 -2257
2610 2980 -4249
2611 2612 2342
2612 2613 5693
2612 644 -3597
2613 2614 5360
2614 2615 -4711
2615 2616 4377
2616 2617 4196
2616 72 8021
2617 2618 -8129
2618 2619 -8508
2619 2620 9780
2620 2621 9156
2621 2622 -9057
2622 2623 5599
2623 2624 4328
2623 180 9625
2624 2625 4307
2625 2626 -7833
2626 2627 8311
2626 502 5286
2627 2628 8083
2627 1829 -7076
2628 2629 4557
2628 279 -7732
2629 2630 1807
2630 2631 -8325
2630 2251 147
2631 2632 -9741
2632 2633 -1187
2633 2634 -3109
2634 2635 4588
2634 2965 34
2635 2636 104
2635 1741 9831
2636 2637 1302
2636 896 1190
2637 2638 -9628
2638 2639 -1056
2639 2640 5333
2640 2641 -9389
2641 2642 -1263
2641 1015 3005
2642 2643 -1151
2642 607 -5679
2643 2644 -3911
2644 2645 1653
2644 1618 -612
2645 2646 -7258
2646 2647 -6690
2646 2922 -4231
2647 2648 -172
2647 793 9955
2648 2649 -1600
2648 546 -4920
2649 2650 2492
2650 2651 -6516
2650 3803 9993
2651 2652 105
2651 1222 2058
2652 2653 3412
2653 2654 2979
2654 2655 -9465
2655 2656 -5226
2656 2657 -1262
2657 2658 -5085
2658 2659 9322
2658 1083 -7424
2659 2660 9984
2660 2661 2488
2661 2662 -8998
2661 3583 8471
2662 2663 1539
2663 2664 8027
2663 818 -230
2664 2665 -7655
2664 3540 5846
2665 2666 546
2666 2667 9714
2666 684 -782
2667 2668 7581
2668 2669 -1372
2668 2049 4717
2669 2670 403
2670 2671 -8727
2671 2672 1451
2671 2293 -2428
2672 2673 1353
2673 2674 8493
2674 2675 -4215
2675 2676 5645
2675 429 -3095
2676 2677 3870
2677 2678 5894
2677 289 3041
2678 2679 -5472
2678 10 -4495
2679 2680 -3399
2680 2681 -461
2680 2317 -5777
2681 2682 -7561
2681 2613 1506
2682 2683 -4196
2683 2684 6336
2684 2685 -9592
2685 2686 -1163
2686 2687 7740
2687 2688 -384
2688 2689 -6184
2689 2690 -5450
2690 2691 6851
2690 1817 6420
2691 2692 6760
2692 2693 7433
2692 1785 4503
2693 2694 3763
2694 2695 8137
2695 2696 -5167
2695 3838 -968
2696 2697 8680
2697 2698 5030
2698 2699 1920
2699 2700 -6013
2700 2701 -1140
2701 2702 3264
2702 2703 5700
2703 2704 -5277
2704 2705 2484
2705 2706 -3956
2705 108 -2678
2706 2707 8821
2706 905 8538
2707 2708 -5424
2707 3464 -1569
2708 2709 -635
2709 2710 1592
2710 2711 3057
2711 2712 -6529
2711 92 -7483
2712 2713 -4577
2712 1465 7689
2713 2714 8786
2714 2715 -302
2714 2760 753
2715 2716 -108
2716 2717 -9378
2716 3819 -3288
2717 2718 2170
2717 1713 7670
2718 2719 -6540
2719 2720 5180
2719 2686 -7878
2720 2721 -1656
2720 931 2449
2721 2722 856
2721 3664 9307
2722 2723 -9679
2722 285 1843
2723 2724 -7606
2724 2725 9798
2724 623 -2826
2725 2726 -7451
2726 2727 9904
2727 2728 5992
2727 1311 -4486
2728 2729 8963
2729 2730 -558
2730 2731 -3934
2730 2134 3650
2731 2732 -3405
2731 3612 -2844
2732 2733 -7561
2732 2535 5883
2733 2734 709
2734 2735 -722
2735 2736 6012
2735 389 -2459
2736 2737 6014
2736 193 5372
2737 2738 -2811
2738 2739 8243
2739 2740 2047
2739 201 7861
2740 2741 1401
2740 2082 -1002
2741 2742 2467
2742 2743 5125
2743 2744 -2918
2743 1475 7081
2744 2745 4243
2745 2746 -2276
2746 2747 7369
2747 2748 4337
2747 372 -8161
2748 2749 8716
2748 2843 -4796
2749 2750 6030
2750 2751 -7888
2751 2752 8913
2752 2753 -8320
2753 2754 -8050
2754 2755 -7353
2755 2756 8409
2755 587 3026
2756 2757 -111
2757 2758 -6971
2757 3824 -3890
2758 2759 -4402
2759 2760 -1244
2760 2761 -7256
2760 3856 -4969
2761 2762 -795
2762 2763 -18
2763 2764 9422
2764 2765 -7254
2765 2766 -6426
2765 1685 902
2766 2767 725
2767 2768 -3499
2767 682 -8927
2768 2769 -8679
2769 2770 4549
2770 2771 -6467
2770 1111 7751
2771 2772 -1892
2772 2773 -3073
2773 2774 5506
2773 1967 3897
2774 2775 -5319
2775 2776 3250
2776 2777 -8298
2777 2778 -347
2778 2779 7194
2778 3792 6127
2779 2780 -8082
2779 2124 6023
2780 2781 8089
2780 3824 2191
2781 2782 -8631
2782 2783 -8887
2782 2059 -2939
2783 2784 -4729
2784 2785 8735
2785 2786 5993
2786 2787 -1260
2787 2788 -4894
2787 2673 3940
2788 2789 -859
2788 1510 9003
2789 2790 1295
2790 2791 3289
2791 2792 257
2792 2793 2923
2793 2794 2523
2794 2795 -176
2795 2796 2203
2795 864 -5454
2796 2797 7059
2796 908 -8862
2797 2798 6716
2798 2799 723
2798 3071 -2644
2799 2800 -2366
2799 601 -947
2800 2801 -4837
2800 2162 8497
2801 2802 8770
2802 2803 1342
2803 2804 9742
2804 2805 2557
2805 2806 1765
2805 173 4954
2806 2807 2115
2806 1088 2879
2807 2808 -7796
2807 430 -3614
2808 2809 -8228
2809 2810 9261
2809 44 -2392
2810 2811 9533
2811 2812 4773
2812 2813 -8504
2812 2635 2287
2813 2814 4672
2813 3936 7652
2814 2815 7674
2815 2816 -8544
2815 3806 -3786
2816 2817 -9214
2817 2818 -4612
2817 3308 -1289
2818 2819 -9487
2819 2820 7675
2820 2821 9265
2821 2822 7990
2821 2249 4750
2822 2823 8661
2822 2157 6695
2823 2824 9602
2824 2825 -8052
2825 2826 -1962
2826 2827 282
2826 3354 -7039
2827 2828 415
2827 2088 -3536
2828 2829 -6999
2829 2830 8888
2830 2831 -7554
2831 2832 -1923
2832 2833 -9467
2832 1931 -5669
2833 2834 2818
2833 2484 -9103
2834 2835 7069
2834 2586 3620
2835 2836 8644
2836 2837 -7331
2836 3673 3367
2837 2838 7128
2837 1228 -4697
2838 2839 -3132
2838 2963 6703
2839 2840 -7145
2839 707 -3451
2840 2841 6547
2840 2198 4778
2841 2842 3549
2842 2843 -1897
2843 2844 -429
2843 3879 4348
2844 2845 5551
2844 690 -7679
2845 2846 8581
2846 2847 7283
2847 2848 -7644
2848 2849 -252
2849 2850 3222
2849 3202 9810
2850 2851 7210
2851 2852 -3092
2852 2853 5419
2853 2854 -1533
2853 1574 9831
2854 2855 6923
2854 1586 2931
2855 2856 612
2856 2857 5084
2857 2858 -9474
2858 2859 -3750
2859 2860 1676
2860 2861 -3351
2861 2862 -4730
2861 2651 -7658
2862 2863 -6618
2863 2864 1994
2864 2865 5003
2864 1149 -8299
2865 2866 6652
2865 56 -2258
2866 2867 1353
2866 3672 3035
2867 2868 9844
2867 961 -4509
2868 2869 7271
2869 2870 -9613
2870 2871 8356
2871 2872 -6889
2871 692 -2157
2872 2873 -6193
2872 2405 4953
2873 2874 9159
2874 2875 7755
2875 2876 -1663
2876 2877 2989
2876 3234 9890
2877 2878 -9161
2878 2879 -8566
2879 2880 -4481
2880 2881 7890
2880 485 5710
2881 2882 -1771
2882 2883 -5628
2883 2884 -6952
2884 2885 2035
2885 2886 8253
2886 2887 -7342
2886 808 -9048
2887 2888 5894
2887 1212 -4650
2888 2889 -4027
2888 2160 6746
2889 2890 2204
2889 1550 1064
2890 2891 9956
2890 1900 1883
2891 2892 9971
2892 2893 2800
2892 2504 -6032
2893 2894 9744
2893 1475 895
2894 2895 8768
2894 398 -8191
2895 2896 -5922
2896 2897 7384
2897 2898 4875
2897 983 9315
2898 2899 4166
2898 2672 7205
2899 2900 7470
2899 2622 5907
2900 2901 8306
2901 2902 650
2901 2492 -1524
2902 2903 6728
2903 2904 6923
2904 2905 6985
2905 2906 3170
2905 2799 3442
2906 2907 2786
2907 2908 -129
2907 2206 1757
2908 2909 3870
2909 2910 -3718
2910 2911 6156
2910 3012 924
2911 2912 -3639
2912 2913 -8019
2913 2914 3628
2914 2915 -7692
2915 2916 4066
2915 695 -5195
2916 2917 443
2916 525 8541
2917 2918 5355
2918 2919 367
2918 1585 703
2919 2920 4313
2919 3273 4283
2920 2921 1415
2920 1959 -5430
2921 2922 -9913
2922 2923 -3482
2923 2924 -5147
2923 1673 -4682
2924 2925 -6335
2925 2926 -6114
2926 2927 1749
2926 1601 5328
2927 2928 -5378
2928 2929 7924
2928 828 4306
2929 2930 387
2930 2931 -326
2931 2932 1548
2932 2933 -2354
2932 1743 -4302
2933 2934 4548
2933 6 -8800
2934 2935 -8691
2935 2936 5445
2936 2937 9686
2937 2938 9278
2938 2939 -3424
2938 265 -189
2939 2940 -1415
2940 2941 2088
2940 1787 3922
2941 2942 45
2941 3364 1386
2942 2943 -2691
2943 2944 2420
2944 2945 2105
2945 2946 -1669
2946 2947 8997
2947 2948 3540
2947 1628 5306
2948 2949 8028
2948 841 -6041
2949 2950 4511
2950 2951 7038
2950 2242 924
2951 2952 525
2952 2953 -1707
2952 1762 -203
2953 2954 5084
2954 2955 5784
2955 2956 457
2955 83 -5022
2956 2957 -8533
2957 2958 9573
2957 2704 5062
2958 2959 8754
2959 2960 -679
2960 2961 3858
2961 2962 -5030
2962 2963 -9896
2962 2553 7230
2963 2964 2103
2963 1241 -4377
2964 2965 -3542
2964 1062 7323
2965 2966 1927
2966 2967 -705
2966 621 -2708
2967 2968 5833
2967 2492 -9432
2968 2969 1704
2969 2970 -1577
2969 1127 9679
2970 2971 9969
2971 2972 -7332
2972 2973 -9874
2973 2974 1003
2974 2975 7059
2974 3498 -2779
2975 2976 -7155
2976 2977 -1673
2977 2978 -5622
2978 2979 5356
2978 1930 -7528
2979 2980 -7219
2979 1051 3337
2980 2981 4646
2981 2982 -3325
2982 2983 -2757
2983 2984 -3849
2983 96 -4303
2984 2985 -9199
2985 2986 7273
2986 2987 -4692
2987 2988 9717
2988 2989 2683
2989 2990 -3961
2989 2585 -4973
2990 2991 -2889
2991 2992 -4163
2991 3433 -7572
2992 2993 5106
2993 2994 -3063
2994 2995 4499
2994 3850 2763
2995 2996 6430
2996 2997 -5495
2997 2998 8596
2998 2999 -2995
2999 3000 6525
3000 3001 -7871
3001 3002 -6115
3002 3003 -8784
3002 1198 4383
3003 3004 -6410
3004 3005 1730
3005 3006 6054
3005 3065 187
3006 3007 551
3007 3008 -9954
3008 3009 -742
3009 3010 800
3009 680 3176
3010 3011 -956
3011 3012 -5466
3012 3013 -2326
3013 3014 1401
3014 3015 2921
3014 2773 -1040
3015 3016 3826
3016 3017 -2471
3017 3018 -5869
3018 3019 -3187
3019 3020 -7949
3019 3316 643
3020 3021 975
3021 3022 551
3021 3202 4280
3022 3023 1231
3023 3024 457
3024 3025 -7663
3025 3026 -3582
3026 3027 5299
3027 3028 4766
3028 3029 -6225
3029 3030 1631
3029 3578 -2138
3030 3031 1101
3031 3032 9852
3032 3033 -7305
3033 3034 8703
3034 3035 7251
3035 3036 -6666
3035 1825 7704
3036 3037 9546
3037 3038 -4051
3037 3763 7
3038 3039 771
3038 3831 -542
3039 3040 -9696
3040 3041 -1050
3041 3042 -7798
3041 1426 -6028
3042 3043 6686
3043 3044 -4162
3044 3045 -9382
3045 3046 3091
3045 2930 -4249
3046 3047 5383
3046 3765 4767
3047 3048 1196
3047 3659 -4960
3048 3049 -3222
3049 3050 -5770
3049 2897 -8139
3050 3051 -6316
3051 3052 2280
3052 3053 5419
3053 3054 4266
3054 3055 2979
3055 3056 2696
3056 3057 -7193
3057 3058 -7054
3058 3059 -6220
3059 3060 2808
3059 3608 -8693
3060 3061 -9834
3061 3062 -9663
3061 1267 1899
3062 3063 4997
3063 3064 9295
3064 3065 2328
3064 1933 4565
3065 3066 -1838
3066 3067 -9821
3067 3068 -9611
3068 3069 415
3068 1005 5967
3069 3070 -3456
3069 2210 -4412
3070 3071 -7836
3071 3072 6525
3071 1056 6741
3072 3073 7951
3072 2115 -7758
3073 3074 -1124
3073 3843 5532
3074 3075 3829
3075 3076 6672
3076 3077 -2133
3077 3078 -4639
3078 3079 7694
3079 3080 4269
3079 675 7566
3080 3081 -5852
3081 3082 -1084
3082 3083 1246
3083 3084 1845
3084 3085 -9840
3085 3086 9149
3085 743 6118
3086 3087 8787
3086 2556 -9635
3087 3088 300
3088 3089 -9773
3088 12 5367
3089 3090 4416
3090 3091 -106
3090 824 -4175
3091 3092 5999
3092 3093 -8755
3092 678 254
3093 3094 5076
3094 3095 2413
3095 3096 7829
3096 3097 5929
3097 3098 -2606
3097 2848 -5254
3098 3099 4347
3098 2790 -9952
3099 3100 2052
3100 3101 4337
3101 3102 -7914
3102 3103 3602
3102 3119 -5715
3103 3104 -6598
3104 3105 -677
3104 3636 3725
3105 3106 -4790
3105 2824 7998
3106 3107 1571
3107 3108 2392
3108 3109 -2013
3108 3258 -8658
3109 3110 6383
3110 3111 -102
3111 3112 -2305
3112 3113 4146
3113 3114 -6553
3114 3115 -4491
3115 3116 9723
3116 3117 -5361
3116 3351 1812
3117 3118 -4586
3118 3119 2093
3119 3120 -5430
3120 3121 2608
3120 2955 7437
3121 3122 -4768
3122 3123 7799
3123 3124 1135
3124 3125 -2501
3125 3126 3402
3125 1391 -4777
3126 3127 6965
3126 1879 3996
3127 3128 -9343
3127 155 -4049
3128 3129 8370
3129 3130 2489
3130 3131 7358
3130 1232 9871
3131 3132 5106
3132 3133 5596
3133 3134 5272
3134 3135 -6233
3135 3136 2912
3135 3632 6820
3136 3137 3333
3136 1372 4345
3137 3138 -5721
3137 1417 4598
3138 3139 6239
3139 3140 -866
3140 3141 -3456
3140 3852 9905
3141 3142 4521
3142 3143 -8468
3143 3144 -5219
3144 3145 6408
3145 3146 4289
3146 3147 1389
3147 3148 -551
3147 366 -7958
3148 3149 -8932
3148 3010 1777
3149 3150 -4508
3149 886 9461
3150 3151 2040
3150 2207 158
3151 3152 938
3152 3153 -5525
3152 1873 -5898
3153 3154 -1288
3154 3155 1088
3154 1074 8402
3155 3156 9263
3155 3934 -3831
3156 3157 -3774
3157 3158 3473
3158 3159 -1876
3159 3160 -9710
3159 3741 9148
3160 3161 1012
3161 3162 7301
3161 2897 -9292
3162 3163 7412
3163 3164 -6126
3163 3444 -2793
3164 3165 -9819
3165 3166 -7577
3166 3167 1452
3166 3406 5865
3167 3168 -9268
3168 3169 -8652
3168 377 -4420
3169 3170 -167
3170 3171 3882
3171 3172 -9273
3172 3173 -3244
3173 3174 5988
3174 3175 -2790
3174 2277 1933
3175 3176 -649
3175 2309 9897
3176 3177 4732
3176 3451 -6964
3177 3178 -5511
3178 3179 4879
3179 3180 5601
3180 3181 -5885
3181 3182 4430
3182 3183 9757
3183 3184 4734
3184 3185 913
3185 3186 8210
3186 3187 -3675
3187 3188 -5094
3188 3189 -7024
3189 3190 5565
3190 3191 -8250
3190 2742 4131
3191 3192 6627
3191 2478 7429
3192 3193 3099
3192 3481 4959
3193 3194 247
3194 3195 8047
3195 3196 -1448
3196 3197 -6571
3197 3198 8415
3198 3199 -4255
3199 3200 9358
3200 3201 2066
3201 3202 5977
3201 2497 1840
3202 3203 -2020
3203 3204 8846
3204 3205 4740
3205 3206 -9283
3206 3207 -3845
3207 3208 4635
3208 3209 9949
3209 3210 -5283
3210 3211 5794
3211 3212 4009
3211 1695 8954
3212 3213 -2961
3213 3214 -3871
3213 34 4802
3214 3215 -5372
3215 3216 -3988
3216 3217 8569
3216 2944 -9681
3217 3218 -7701
3218 3219 7661
3219 3220 5499
3220 3221 -5166
3221 3222 -8791
3221 3870 7794
3222 3223 -7806
3223 3224 3893
3224 3225 8865
3224 1963 5798
3225 3226 2095
3226 3227 7296
3227 3228 -231
3228 3229 -2915
3229 3230 -6824
3229 1751 -1406
3230 3231 7306
3231 3232 -1706
3231 72 1826
3232 3233 5005
3232 2932 9026
3233 3234 5428
3234 3235 -7244
3234 2975 1682
3235 3236 3160
3236 3237 6166
3237 3238 7781
3237 2221 4720
3238 3239 -1146
3239 3240 -104
3239 24 -6219
3240 3241 1202
3240 603 -4346
3241 3242 -3717
3242 3243 854
3242 2652 5856
3243 3244 -7187
3244 3245 2399
3244 2369 -5665
3245 3246 -4037
3246 3247 257
3246 2502 809
3247 3248 -595
3248 3249 -2431
3249 3250 -4270
3250 3251 4878
3251 3252 -3417
3252 3253 6062
3253 3254 -1424
3254 3255 -7699
3255 3256 -7541
3256 3257 5914
3257 3258 -771
3258 3259 6361
3258 1098 1983
3259 3260 4200
3259 1488 2133
3260 3261 -9120
3261 3262 6213
3262 3263 -5404
3263 3264 -5846
3264 3265 -1155
3265 3266 -9043
3266 3267 -4211
3267 3268 1181
3268 3269 1000
3269 3270 -3601
3270 3271 -6856
3270 1649 2805
3271 3272 -4456
3272 3273 2347
3272 1428 -9431
3273 3274 656
3274 3275 2584
3275 3276 -4179
3276 3277 -8544
3276 684 -1683
3277 3278 -523
3278 3279 -8578
3279 3280 -9727
3280 3281 1298
3281 3282 3964
3282 3283 5203
3283 3284 -3969
3283 2639 -9954
3284 3285 7344
3285 3286 -3795
3286 3287 1959
3287 3288 6192
3287 2514 6004
3288 3289 9663
3289 3290 8663
3290 3291 -2799
3291 3292 5957
3292 3293 4850
3293 3294 -2686
3293 3123 -9203
3294 3295 -3728
3295 3296 -1489
3295 3556 3328
3296 3297 2826
3297 3298 -2643
3298 3299 3206
3299 3300 9752
3299 1137 2723
3300 3301 1542
3300 1823 5503
3301 3302 -7557
3302 3303 -9995
3303 3304 6876
3303 1233 -8374
3304 3305 -5497
3304 2065 -3217
3305 3306 -7768
3305 3664 -7083
3306 3307 -4771
3306 3447 -772
3307 3308 857
3308 3309 4018
3309 3310 8424
3310 3311 -246
3311 3312 -127
3311 2932 -5456
3312 3313 8016
3313 3314 4121
3314 3315 -6256
3315 3316 8927
3315 1808 9773
3316 3317 -2033
3317 3318 4563
3318 3319 9195
3319 3320 -5831
3320 3321 5430
3321 3322 2435
3321 635 -3929
3322 3323 4091
3323 3324 5364
3324 3325 -3136
3325 3326 9258
3326 3327 -5158
3327 3328 -978
3328 3329 972
3329 3330 -4592
3329 1479 9895
3330 3331 -2552
3330 3585 4997
3331 3332 -9355
3331 677 6408
3332 3333 3681
3332 3523 9713
3333 3334 6511
3334 3335 -8518
3335 3336 9944
3336 3337 3720
3337 3338 2254
3338 3339 7842
3338 1652 -6589
3339 3340 560
3340 3341 309
3341 3342 8849
3342 3343 -8569
3342 430 7179
3343 3344 3063
3344 3345 4081
3344 2148 -7528
3345 3346 3634
3346 3347 968
3347 3348 -2114
3348 3349 -9722
3348 2638 -8651
3349 3350 -383
3350 3351 8077
3350 3682 8984
3351 3352 8467
3352 3353 2778
3353 3354 3035
3353 2194 -6201
3354 3355 5387
3355 3356 4540
3356 3357 15
3356 3556 -6138
3357 3358 57
3357 1638 -6805
3358 3359 -8717
3359 3360 227
3360 3361 -4333
3361 3362 5936
3362 3363 -9412
3363 3364 9210
3364 3365 6479
3365 3366 -8534
3366 3367 -6885
3367 3368 4586
3367 2748 6095
3368 3369 -592
3368 1173 6202
3369 3370 4154
3369 2536 1567
3370 3371 -4661
3371 3372 1701
3372 3373 1107
3373 3374 -8273
3373 2255 -4792
3374 3375 3367
3375 3376 -8086
3376 3377 398
3377 3378 -2233
3378 3379 2475
3379 3380 917
3380 3381 -3830
3380 3848 5118
3381 3382 4861
3382 3383 -9126
3383 3384 -7700
3384 3385 809
3385 3386 -4840
3386 3387 2472
3387 3388 -7616
3388 3389 7683
3389 3390 3236
3390 3391 -9132
3391 3392 6415
3391 2532 7719
3392 3393 5489
3393 3394 4486
3394 3395 6432
3395 3396 4683
3395 1758 7020
3396 3397 6830
3397 3398 -2844
3397 2455 8904
3398 3399 -1506
3399 3400 2313
3399 3789 -7700
3400 3401 4418
3401 3402 -6964
3402 3403 8297
3402 1583 444
3403 3404 4783
3404 3405 -8766
3404 1625 -6401
3405 3406 3328
3406 3407 5046
3407 3408 2299
3408 3409 8494
3409 3410 9075
3410 3411 6229
3410 1994 8671
3411 3412 -4042
3411 2266 1450
3412 3413 -5741
3413 3414 5798
3414 3415 2459
3415 3416 -3206
3416 3417 8835
3417 3418 5087
3418 3419 -4519
3419 3420 8731
3420 3421 6576
3420 686 -8882
3421 3422 -196
3422 3423 8398
3423 3424 -1282
3424 3425 -9810
3424 3397 -6765
3425 3426 -7103
3426 3427 3562
3426 3407 4060
3427 3428 9624
3428 3429 6105
3429 3430 6260
3430 3431 -1897
3431 3432 9698
3431 2479 -953
3432 3433 5329
3433 3434 4823
3434 3435 7175
3435 3436 8215
3435 854 -6601
3436 3437 -7451
3437 3438 -2042
3437 472 9825
3438 3439 2546
3439 3440 -4135
3439 3706 -7667
3440 3441 5672
3440 3253 2284
3441 3442 -2227
3442 3443 -2813
3442 1690 6985
3443 3444 9941
3444 3445 9471
3444 1806 421
3445 3446 -3657
3445 2147 -4499
3446 3447 -3629
3447 3448 8673
3448 3449 6823
3449 3450 1922
3450 3451 4741
3451 3452 -3853
3452 3453 -9481
3452 1457 8239
3453 3454 9243
3454 3455 6577
3455 3456 1495
3456 3457 -7313
3457 3458 -664
3457 138 -5300
3458 3459 5727
3459 3460 5332
3460 3461 -714
3461 3462 -205
3462 3463 2766
3463 3464 -2337
3464 3465 9643
3465 3466 6136
3466 3467 -897
3467 3468 -972
3468 3469 -1690
3469 3470 -726
3470 3471 -872
3471 3472 -5663
3472 3473 3739
3473 3474 -1972
3474 3475 -5577
3475 3476 -2806
3476 3477 -1071
3477 3478 -5192
3478 3479 -5920
3479 3480 4298
3479 1561 6381
3480 3481 -3637
3480 440 -7570
3481 3482 -4677
3481 2655 -2894
3482 3483 8554
3482 3413 -8822
3483 3484 -2571
3483 3146 460
3484 3485 -7009
3485 3486 -7577
3486 3487 214
3487 3488 -4340
3488 3489 9809
3489 3490 3810
3490 3491 -8765
3490 2149 106
3491 3492 -9844
3492 3493 -4045
3492 980 -9697
3493 3494 -2458
3494 3495 362
3495 3496 -1955
3496 3497 1587
3497 3498 7423
3498 3499 -9175
3499 3500 3483
3499 1896 677
3500 3501 -4405
3501 3502 4397
3502 3503 9466
3503 3504 -1486
3504 3505 1120
3505 3506 5244
3506 3507 5619
3507 3508 908
3508 3509 -8079
3508 674 -418
3509 3510 9947
3509 1884 5834
3510 3511 3909
3511 3512 -8868
3511 2977 -7065
3512 3513 8216
3513 3514 2915
3514 3515 6283
3515 3516 8718
3516 3517 -2592
3517 3518 -7963
3517 3041 -2229
3518 3519 -7391
3518 301 -6040
3519 3520 -3107
3520 3521 2473
3520 2144 836
3521 3522 2523
3522 3523 6226
3522 375 -7342
3523 3524 -7619
3524 3525 3072
3525 3526 4313
3526 3527 6861
3526 3419 9921
3527 3528 2030
3527 1403 -1767
3528 3529 -5664
3529 3530 -674
3530 3531 -4149
3531 3532 -2929
3532 3533 2192
3533 3534 3155
3533 687 -7522
3534 3535 7810
3535 3536 -9054
3536 3537 6714
3537 3538 -9527
3538 3539 2121
3538 1610 1122
3539 3540 6066
3540 3541 3670
3540 2225 1558
3541 3542 -5581
3542 3543 -3515
3542 3636 -9604
3543 3544 -1647
3544 3545 2512
3545 3546 -3964
3546 3547 -6931
3547 3548 2452
3548 3549 -8387
3549 3550 8271
3550 3551 -4521
3551 3552 -2479
3552 3553 9933
3553 3554 -7667
3554 3555 1235
3555 3556 -1329
3555 860 -1312
3556 3557 7273
3557 3558 3349
3557 1236 -7933
3558 3559 -7744
3559 3560 8863
3560 3561 -9079
3561 3562 9403
3562 3563 -3315
3563 3564 9217
3564 3565 2112
3565 3566 73
3566 3567 -2079
3567 3568 -76
3567 3023 1592
3568 3569 2448
3569 3570 -188
3570 3571 139
3570 861 4846
3571 3572 4195
3572 3573 2247
3573 3574 -2083
3573 506 7081
3574 3575 3082
3575 3576 2169
3575 182 2097
3576 3577 -7328
3576 1040 8327
3577 3578 3260
3577 1765 7074
3578 3579 9188
3579 3580 5572
3579 1079 -8406
3580 3581 4771
3581 3582 4992
3582 3583 -3076
3583 3584 5526
3584 3585 4439
3585 3586 -1305
3586 3587 -34
3587 3588 -7692
3587 3198 -4898
3588 3589 8592
3589 3590 7919
3590 3591 -5364
3590 1134 -5998
3591 3592 -4882
3591 1403 4917
3592 3593 8325
3593 3594 -4564
3594 3595 -9180
3594 1055 -5330
3595 3596 4241
3596 3597 4368
3597 3598 -5566
3598 3599 8152
3599 3600 -6668
3600 3601 -7724
3601 3602 4666
3601 1493 5717
3602 3603 -9648
3602 3877 892
3603 3604 -3731
3603 612 -4170
3604 3605 -7159
3605 3606 -4532
3606 3607 2656
3607 3608 6856
3607 1645 9218
3608 3609 -5734
3609 3610 407
3609 3689 -5502
3610 3611 3272
3611 3612 8897
3611 3778 6220
3612 3613 -3574
3613 3614 -4856
3614 3615 -8128
3615 3616 6091
3616 3617 8700
3617 3618 8173
3617 1081 8988
3618 3619 -4149
3618 2142 5053
3619 3620 -4594
3619 711 334
3620 3621 8396
3620 3097 8722
3621 3622 -9601
3622 3623 5278
3623 3624 -6174
3624 3625 2347
3625 3626 -8896
3625 3833 3987
3626 3627 -8038
3626 1621 64
3627 3628 1377
3628 3629 9077
3629 3630 -6734
3630 3631 -716
3630 2482 2617
3631 3632 2313
3631 2638 6469
3632 3633 52
3632 2018 1553
3633 3634 -6260
3634 3635 -8566
3634 3858 -989
3635 3636 -9831
3635 3887 4454
3636 3637 -9196
3637 3638 -2758
3637 692 -1113
3638 3639 5836
3639 3640 -7082
3640 3641 -8026
3641 3642 7302
3641 1402 8916
3642 3643 7356
3643 3644 -4145
3644 3645 4496
3645 3646 -4373
3646 3647 -922
3646 1367 -4647
3647 3648 5287
3648 3649 -4904
3649 3650 1183
3649 2649 -3886
3650 3651 5999
3650 257 -4013
3651 3652 2910
3652 3653 6641
3653 3654 -7543
3653 2189 4258
3654 3655 -2780
3655 3656 -8255
3656 3657 2467
3657 3658 9637
3658 3659 5153
3659 3660 8273
3659 1340 1522
3660 3661 -6023
3660 1199 5057
3661 3662 -2271
3662 3663 1825
3663 3664 7041
3663 1963 -4855
3664 3665 2075
3665 3666 9005
3665 1020 2067
3666 3667 2018
3667 3668 -2638
3668 3669 2018
3669 3670 -6240
3670 3671 8406
3671 3672 4500
3671 3382 679
3672 3673 4566
3672 3082 6168
3673 3674 -6492
3674 3675 -8069
3675 3676 -7563
3676 3677 -8006
3677 3678 -8299
3678 3679 -2906
3679 3680 9840
3680 3681 -7493
3680 1924 -2309
3681 3682 9293
3682 3683 5755
3683 3684 -3291
3684 3685 9414
3685 3686 4168
3685 1348 -9574
3686 3687 1059
3686 3484 -3092
3687 3688 -914
3688 3689 2679
3689 3690 -9959
3689 721 3489
3690 3691 7913
3690 1838 191
3691 3692 -1447
3692 3693 -8731
3692 1984 8051
3693 3694 -8047
3694 3695 3911
3694 1399 3056
3695 3696 467
3696 3697 -5708
3697 3698 4258
3698 3699 -6812
3699 3700 3551
3700 3701 9202
3700 2905 -5817
3701 3702 -2715
3702 3703 9611
3702 3816 323
3703 3704 -8051
3703 90 -6244
3704 3705 -7299
3705 3706 -3482
3706 3707 2641
3706 522 5276
3707 3708 6820
3708 3709 -1143
3709 3710 3551
3709 2585 -3614
3710 3711 -8711
3711 3712 3198
3712 3713 -5991
3712 2268 4858
3713 3714 -1803
3714 3715 9492
3715 3716 -3876
3716 3717 7953
3716 3781 5473
3717 3718 5907
3717 3603 976
3718 3719 9018
3719 3720 8776
3720 3721 -1149
3721 3722 9674
3721 2468 -3008
3722 3723 8405
3723 3724 -3323
3724 3725 1965
3724 153 5066
3725 3726 8316
3725 3221 -4393
3726 3727 -6589
3727 3728 8226
3727 2956 2690
3728 3729 5218
3729 3730 1155
3730 3731 -4310
3731 3732 2102
3731 537 5040
3732 3733 71
3732 3803 -2248
3733 3734 6989
3734 3735 -3337
3734 1482 -8655
3735 3736 -8930
3736 3737 2864
3737 3738 -4279
3737 3906 4318
3738 3739 -5155
3739 3740 -4991
3740 3741 -9574
3741 3742 7028
3742 3743 5594
3743 3744 -4232
3744 3745 9682
3744 3590 4087
3745 3746 1190
3746 3747 4948
3746 694 -7467
3747 3748 -2070
3748 3749 -4894
3749 3750 -6422
3750 3751 -5146
3751 3752 -8997
3751 685 3906
3752 3753 701
3752 3705 3346
3753 3754 -3390
3754 3755 -489
3755 3756 -862
3756 3757 5495
3756 3933 -5605
3757 3758 -146
3757 2929 -4809
3758 3759 -5609
3759 3760 -2862
3759 3408 1264
3760 3761 -5970
3761 3762 -9419
3762 3763 8399
3762 2568 4503
3763 3764 2742
3763 12 -3797
3764 3765 -7598
3765 3766 419
3765 1682 1491
3766 3767 6960
3767 3768 4110
3767 2077 6248
3768 3769 -8998
3769 3770 1672
3770 3771 8834
3771 3772 -2594
3772 3773 9598
3773 3774 3958
3773 338 -313
3774 3775 -2628
3775 3776 -4801
3775 1169 -4098
3776 3777 6122
3777 3778 -3464
3778 3779 5380
3778 596 -2390
3779 3780 5265
3780 3781 -1131
3780 2700 -8074
3781 3782 -3296
3781 1717 -9565
3782 3783 -9840
3783 3784 8603
3784 3785 4131
3784 464 7086
3785 3786 4994
3785 3559 1802
3786 3787 7595
3786 3773 -9384
3787 3788 2602
3787 3578 5423
3788 3789 -3464
3789 3790 5338
3789 2676 -8129
3790 3791 -8468
3790 797 -4683
3791 3792 -6372
3792 3793 -5332
3793 3794 361
3794 3795 -8888
3795 3796 9969
3795 3388 9271
3796 3797 -9387
3797 3798 6600
3798 3799 -5782
3798 468 -5600
3799 3800 -1460
3799 3715 8992
3800 3801 -8316
3801 3802 8164
3801 3008 496
3802 3803 -3141
3803 3804 9282
3804 3805 -6515
3805 3806 -9921
3806 3807 -9697
3807 3808 -853
3808 3809 2823
3808 2591 6353
3809 3810 -3000
3810 3811 -9817
3811 3812 2708
3812 3813 -1664
3812 1950 -6399
3813 3814 8841
3813 3906 -5327
3814 3815 4303
3815 3816 2431
3816 3817 -7143
3817 3818 5208
3818 3819 4849
3818 2731 -3464
3819 3820 6005
3820 3821 -852
3821 3822 -7179
3822 3823 -6762
3823 3824 2023
3824 3825 9608
3825 3826 -8077
3826 3827 806
3826 1267 2271
3827 3828 -2333
3828 3829 7373
3829 3830 -7396
3830 3831 -6645
3831 3832 6219
3832 3833 2543
3832 2321 -5369
3833 3834 2035
3833 271 9482
3834 3835 -8262
3834 3603 9277
3835 3836 -7894
3836 3837 9663
3837 3838 9864
3838 3839 9744
3839 3840 -2819
3840 3841 -4608
3841 3842 -1624
3842 3843 -7762
3842 3000 8456
3843 3844 -1111
3844 3845 -9018
3845 3846 -100
3846 3847 1174
3847 3848 -573
3848 3849 3648
3848 1971 8423
3849 3850 4892
3849 103 5287
3850 3851 -3864
3850 3865 -3062
3851 3852 4169
3852 3853 -8403
3853 3854 -3291
3854 3855 7456
3854 2857 522
3855 3856 -4423
3856 3857 7817
3857 3858 8846
3858 3859 -8470
3859 3860 4531
3859 2299 -4258
3860 3861 -6985
3861 3862 6701
3862 3863 8867
3863 3864 6209
3864 3865 -5662
3864 3068 -4323
3865 3866 -4223
3865 1028 -3750
3866 3867 8568
3867 3868 -2683
3868 3869 -5918
3869 3870 3759
3870 3871 9027
3871 3872 -4644
3872 3873 -1415
3873 3874 691
3874 3875 -6470
3874 2395 -1727
3875 3876 -9918
3876 3877 -507
3877 3878 8136
3878 3879 7097
3878 3599 -1456
3879 3880 -6792
3880 3881 -1361
3881 3882 1853
3881 3422 846
3882 3883 2178
3883 3884 5949
3884 3885 4032
3885 3886 -7660
3885 1978 3948
3886 3887 -538
3886 3104 -6077
3887 3888 -2445
3887 3271 3964
3888 3889 2492
3889 3890 838
3890 3891 -5533
3891 3892 14
3892 3893 9500
3892 3593 -7081
3893 3894 -5841
3894 3895 8916
3895 3896 -9190
3896 3897 -5234
3897 3898 4374
3897 2018 -5956
3898 3899 -3138
3899 3900 -7788
3900 3901 9211
3900 3415 8224
3901 3902 8063
3902 3903 7879
3903 3904 9086
3904 3905 5730
3905 3906 -406
3905 3116 3870
3906 3907 -4027
3906 2983 4092
3907 3908 -1458
3908 3909 -6120
3908 2452 -8730
3909 3910 -2241
3910 3911 3300
3911 3912 -333
3912 3913 -8767
3913 3914 -3293
3914 3915 3467
3915 3916 -6912
3915 2298 166
3916 3917 1599
3917 3918 -949
3917 3009 6033
3918 3919 -8451
3919 3920 4942
3919 2577 -3957
3920 3921 -2661
3921 3922 6119
3922 3923 -8992
3923 3924 3769
3924 3925 7223
3925 3926 -2621
3926 3927 3093
3927 3928 -3741
3928 3929 4183
3928 605 5600
3929 3930 -5790
3930 3931 5892
3930 2851 661
3931 3932 -8872
3932 3933 7777
3933 3934 9372
3934 3935 134
3934 2606 -9249
3935 3936 -9058
3936 3937 -9680
3937 3938 -5192
3938 3939 4362
3939 3940 -3312
3940 3941 -6877
3941 3942 6475
3942 3943 -5938
3943 3944 -6454
3944 3945 6843
3945 3946 6374
3946 3947 -2616
3947 3948 5051
3948 3949 8838
3949 3950 -5421
3949 1004 4692
3950 3951 2565
3951 3952 8171
3951 2752 -1221
3952 3953 -5942
3953 3954 -3093
3953 3047 1120
3954 3955 -2421
3955 3956 -449
3956 3957 -3818
3957 3958 1332
3958 3959 -6580
3958 2377 -4664
3959 3960 936
3960 3961 -7734
3960 1505 6481
3961 3962 7528
3961 2283 -7167
3962 3963 4399
3963 3964 3111
3964 3965 -4428
3964 953 3600
3965 3966 -99
3966 3967 267
3967 3968 -867
3967 619 1940
3968 3969 -4915
3968 3207 -8356
3969 3970 -2835
3969 379 -8528
3970 3971 8043
3971 3972 4217
3972 3973 7961
3973 3974 8834
3974 3975 -8289
3975 3976 7498
3976 3977 -8377
3977 3978 4064
3978 3979 -4731
3979 3980 -5463
3980 3981 3416
3981 3982 1017
3982 3983 -1146
3982 2087 -4169
3983 3984 4852
3983 3560 -8917
3984 3985 310
3984 1471 4849
3985 3986 -2302
3986 3987 5141
3987 3988 -7537
3988 3989 -6132
3989 3990 -4489
3990 3991 2179
3991 3992 1602
3992 3993 -4394
3993 3994 5440
3994 3995 4370
3995 3996 4925
3996 3997 3853
3997 3998 4766
3998 3999 507
3999 4000 8364
3999 1437 -2295
